0,35.58025
1,34.059545
2,32.884800000000006
3,32.015405
4,31.393700000000003
5,31.180419999999998
6,31.689595
7,33.584935
8,39.171755
9,45.470335
10,47.23966
11,48.592965
12,42.07072
13,40.063935
14,45.270540000000004
15,46.277575
16,47.08838
17,48.014815
18,46.464195000000004
19,47.871285
20,46.572075000000005
21,45.480875000000005
22,43.10767
23,39.84895
24,35.481205
25,33.96453
26,32.793195000000004
27,31.926280000000002
28,31.306280000000005
29,31.09362
30,31.601245
31,33.491315
32,39.062635
33,45.343700000000005
34,47.108064999999996
35,48.457495
36,41.953540000000004
37,39.952335000000005
38,45.144525
39,46.148615
40,46.95725
41,47.88105
42,46.33477
43,47.73783
44,46.442185
45,45.354085
46,42.987545
47,39.73797
48,35.38200500000001
49,33.869670000000006
50,32.70159
51,31.837
52,31.218860000000003
53,31.006665
54,31.512895
55,33.397695
56,38.953515
57,45.21691
58,46.976470000000006
59,48.32218
60,41.836205
61,39.840735
62,45.018355
63,46.019655
64,46.825965000000004
65,47.747285000000005
66,46.205345
67,47.60453
68,46.312450000000005
69,45.22745
70,42.86742
71,39.626835
72,37.019115
73,35.436875
74,34.214545
75,33.310120000000005
76,32.663305
77,32.441345
78,32.97098
79,34.943045000000005
80,40.755855000000004
81,47.3091
82,49.150035
83,50.557900000000004
84,43.772
85,41.683995
86,47.101245
87,48.14889
88,48.992555
89,49.9565
90,48.343105
91,49.807080000000006
92,48.455325
93,47.320105
94,44.8508
95,41.46033
96,37.00656
97,35.424785
98,34.203075000000005
99,33.298805
100,32.6523
101,32.43034
102,32.95982
103,34.931265
104,40.74206
105,47.29313500000001
106,49.13345
107,50.54085
108,43.75712
109,41.670045
110,47.085280000000004
111,48.13277
112,48.976125
113,49.939605
114,48.32683
115,49.790185
116,48.438895
117,47.303985
118,44.835765
119,41.44638
120,35.82298
121,34.29189
122,33.109085
123,32.2338
124,31.60791
125,31.393079999999998
126,31.905665
127,33.814025
128,39.438975000000006
129,45.78049
130,47.561904999999996
131,48.924355
132,42.357625
133,40.3372
134,45.579454999999996
135,46.593309999999995
136,47.409695
137,48.342330000000004
138,46.78117
139,48.197715
140,46.88967
141,45.791185
142,43.401705
143,40.12082
144,36.19467
145,34.647615
146,33.452565
147,32.568290000000005
148,31.93589
149,31.71889
150,32.236745
151,34.164789999999996
152,39.848175000000005
153,46.25541
154,48.055425
155,49.43198
156,42.79705
157,40.755700000000004
158,46.052205
159,47.0766
160,47.90151
161,48.84391
162,47.266475
163,48.697745
164,47.376215
165,46.266105
166,43.85198
167,40.536995
168,36.941460000000006
169,35.362474999999996
170,34.14278
171,33.240215
172,32.594795
173,32.3733
174,32.90185
175,34.869730000000004
176,40.670295
177,47.2099
178,49.046805
179,50.451879999999996
180,43.680085000000005
181,41.596575
182,47.002355
183,48.047985
184,48.88979
185,49.85172
186,48.241735
187,49.70261000000001
188,48.35364500000001
189,47.22075
190,44.756715
191,41.373375
192,37.072745
193,35.48818000000001
194,34.264145
195,33.358325
196,32.71058
197,32.48831
198,33.01872
199,34.99373
200,40.814910000000005
201,47.37761
202,49.221180000000004
203,50.631215000000005
204,43.835395
205,41.744445
206,47.1696
207,48.218795
208,49.063545000000005
209,50.028884999999995
210,48.413165000000006
211,49.879310000000004
212,48.52554
213,47.388615
214,44.9159
215,41.52047
216,36.896975000000005
217,35.31985
218,34.101705
219,33.200070000000004
220,32.555425
221,32.33424
222,32.86217
223,34.827725
224,40.621315
225,47.153014999999996
226,48.987750000000005
227,50.391119999999994
228,43.627539999999996
229,41.546510000000005
230,46.945780000000006
231,47.99001500000001
232,48.83089
233,49.79158
234,48.18361
235,49.64262500000001
236,48.295365000000004
237,47.163865
238,44.702775
239,41.323465
240,36.019675
241,34.48006
242,33.2909
243,32.41081
244,31.78151
245,31.565595
246,32.080815
247,33.999715
248,39.65551
249,46.0319
250,47.823080000000004
251,49.193125
252,42.59028
253,40.558695
254,45.829625
255,46.84906
256,47.669940000000004
257,48.607845
258,47.038005000000005
259,48.462455000000006
260,47.147125
261,46.042595
262,43.63994
263,40.341075
264,35.14253
265,33.640425
266,32.480095
267,31.621395
268,31.00744
269,30.796795
270,31.299615000000003
271,33.171705
272,38.689705
273,44.910785
274,46.65841
275,47.994975000000004
276,41.55302
277,39.571035
278,44.71347
279,45.708105
280,46.508990000000004
281,47.423955
282,45.892555
283,47.28213
284,45.998885
285,44.921170000000004
286,42.57726
287,39.35853
288,34.26523
289,32.800635
290,31.669445
291,30.832135
292,30.233525000000004
293,30.027995000000004
294,30.51826
295,32.343540000000004
296,37.7239
297,43.789825
298,45.49374
299,46.796980000000005
300,40.51576
301,38.58322
302,43.597315
303,44.56715
304,45.34804
305,46.24022
306,44.74695
307,46.101960000000005
308,44.850645
309,43.7999
310,41.514425
311,38.37614
312,35.72254
313,34.195634999999996
314,33.016239999999996
315,32.143435000000004
316,31.519250000000003
317,31.30504
318,31.816229999999997
319,33.719165000000004
320,39.328305
321,45.651995
322,47.428450000000005
323,48.78718
324,42.23889500000001
325,40.224050000000005
326,45.45158
327,46.46249
328,47.276705
329,48.206705
330,46.649885
331,48.062554999999996
332,46.75823
333,45.662690000000005
334,43.279875
335,40.008134999999996
336,35.814455
337,34.283675
338,33.10118
339,32.226205
340,31.60047
341,31.38564
342,31.89807
343,33.805965
344,39.429520000000004
345,45.76964
346,47.55059000000001
347,48.91273
348,42.347550000000005
349,40.32759
350,45.568605000000005
351,46.582150000000006
352,47.39838
353,48.33086
354,46.77001
355,48.186400000000006
356,46.87851
357,45.78018
358,43.39132
359,40.11121
360,35.58118
361,34.06032
362,32.885575
363,32.01618
364,31.394475
365,31.181195000000002
366,31.69037
367,33.58571
368,39.172685
369,45.47142
370,47.2409
371,48.594205
372,42.071650000000005
373,40.064865
374,45.27178
375,46.27866
376,47.089620000000004
377,48.016055
378,46.465435
379,47.872370000000004
380,46.57316
381,45.48196
382,43.108755
383,39.84988
384,35.726259999999996
385,34.1992
386,33.019650000000006
387,32.14669
388,31.522505
389,31.308294999999998
390,31.819485
391,33.722575
392,39.332335
393,45.656800000000004
394,47.43341
395,48.79214
396,42.243235
397,40.228235000000005
398,45.45623
399,46.467295
400,47.281510000000004
401,48.211664999999996
402,46.65469
403,48.067515
404,46.76288
405,45.66734
406,43.28437
407,40.01232
408,34.909875
409,33.41769
410,32.26511
411,31.412145
412,30.80222
413,30.59297
414,31.092380000000002
415,32.95207
416,38.433645
417,44.613495
418,46.349495
419,47.677225
420,41.277895
421,39.308930000000004
422,44.41757500000001
423,45.405545000000004
424,46.20116
425,47.11008
426,45.5886
427,46.969185
428,45.694465
429,44.62388
430,42.295314999999995
431,39.097975
432,34.09349
433,32.636179999999996
434,31.51057
435,30.6776
436,30.081934999999998
437,29.87749
438,30.365275
439,32.18141
440,37.534800000000004
441,43.570190000000004
442,45.26558000000001
443,46.56231
444,40.312709999999996
445,38.38978
446,43.378765
447,44.343795
448,45.120655
449,46.008495
450,44.522665
451,45.870855000000006
452,44.625895
453,43.580265
454,41.30626
455,38.183785
456,33.277105000000006
457,31.854825
458,30.756185000000002
459,29.943055
460,29.361650000000004
461,29.162164999999998
462,29.638170000000002
463,31.410905000000003
464,36.63611
465,42.52704000000001
466,44.18182
467,45.44739500000001
468,39.347370000000005
469,37.47063000000001
470,42.340109999999996
471,43.282045000000004
472,44.040305000000004
473,44.906755000000004
474,43.456575
475,44.772525
476,43.557325000000006
477,42.536805
478,40.317205
479,37.269439999999996
480,33.795735
481,32.35129
482,31.235445000000002
483,30.40976
484,29.819209999999998
485,29.616625000000003
486,30.10007
487,31.900395
488,37.20713
489,43.18982
490,44.87033
491,46.155745
492,39.960705
493,38.054515
494,43.0001
495,43.956605
496,44.726800000000004
497,45.606735
498,44.133770000000005
499,45.470335
500,44.236225000000005
501,43.19974
502,40.945575
503,37.85038
504,34.463785
505,32.99066500000001
506,31.85281
507,31.010695000000002
508,30.408520000000003
509,30.201905
510,30.695115
511,32.530935
512,37.94245
513,44.043405
514,45.75724
515,47.068075
516,40.75043
517,38.80673
518,43.849965
519,44.82538
520,45.610765
521,46.50806
522,45.00611
523,46.369025
524,45.11058
525,44.053635
526,41.754830000000005
527,38.59841
528,34.386905
529,32.917195
530,31.781820000000003
531,30.941565
532,30.340785
533,30.134635000000003
534,30.626605
535,32.458395
536,37.857974999999996
537,43.94529
538,45.655249999999995
539,46.96314
540,40.6596
541,38.72024
542,43.75216
543,44.725405
544,45.509085000000006
545,46.404365000000006
546,44.905825
547,46.265640000000005
548,45.009985
549,43.955365
550,41.66183
551,38.512385
552,34.1372
553,32.678185
554,31.551025
555,30.71697
556,30.120530000000002
557,29.91593
558,30.404335
559,32.222795000000005
560,37.583005
561,43.626145
562,45.323705000000004
563,46.62214
564,40.36448
565,38.43907
566,43.434565000000006
567,44.40068
568,45.178625000000004
569,46.067550000000004
570,44.579705
571,45.929755
572,44.683245
573,43.63622
574,41.35927
575,38.232765
576,33.15171
577,31.7347
578,30.640090000000004
579,29.830060000000003
580,29.250825000000003
581,29.052115000000004
582,29.526415
583,31.292485000000003
584,36.498005
585,42.366615
586,44.015195
587,45.27612
588,39.199035
589,37.32927
590,42.180460000000004
591,43.11883
592,43.874300000000005
593,44.737495
594,43.29274
595,44.603575
596,43.393025
597,42.376380000000005
598,40.165150000000004
599,37.128855
600,32.166065
601,30.791215
602,29.729155
603,28.943305000000002
604,28.381275000000002
605,28.188455
606,28.64865
607,30.362175
608,35.412850000000006
609,41.107085000000005
610,42.70653
611,43.929945
612,38.033590000000004
613,36.21947
614,40.92651
615,41.836825
616,42.56982
617,43.40744
618,42.00562
619,43.27755
620,42.10296
621,41.11654
622,38.971030000000006
623,36.0251
624,31.180419999999998
625,29.84773
626,28.818220000000004
627,28.056395
628,27.511570000000003
629,27.32464
630,27.77073
631,29.43171
632,34.327695
633,39.8474
634,41.39802
635,42.583925
636,36.868145000000005
637,35.10967
638,39.672405
639,40.55482
640,41.265495
641,42.077385
642,40.7185
643,41.951525000000004
644,40.812895
645,39.8567
646,37.77691
647,34.92119
648,31.846145
649,30.484935
650,29.433415
651,28.655315
652,28.098865
653,27.90806
654,28.363605
655,30.06008
656,35.060535
657,40.69804
658,42.28183
659,43.493
660,37.655235000000005
661,35.859094999999996
662,40.519325
663,41.42065
664,42.14636
665,42.975609999999996
666,41.587740000000004
667,42.84696
668,41.68415
669,40.707495
670,38.583375
671,35.66674
672,31.691920000000003
673,30.33722
674,29.29097
675,28.51659
676,27.962930000000004
677,27.7729
678,28.226275
679,29.914535000000004
680,34.89081
681,40.501035
682,42.077075
683,43.28251
684,37.472955000000006
685,35.685495
686,40.32325
687,41.220079999999996
688,41.94238
689,42.7676
690,41.386395
691,42.63957
692,41.48234
693,40.51049
694,38.3966
695,35.49407
696,30.65962
697,29.349095
698,28.336945
699,27.58783
700,27.05215
701,26.868319999999997
702,27.30697
703,28.940205
704,33.75435
705,39.181830000000005
706,40.706565
707,41.87263
708,36.25233
709,34.52315
710,39.00978
711,39.87747
712,40.57621
713,41.37446
714,40.03836
715,41.250769999999996
716,40.131205
717,39.190975
718,37.145905
719,34.337925000000006
720,29.538194999999998
721,28.275565
722,27.30046
723,26.578625000000002
724,26.06263
725,25.885465
726,26.308149999999998
727,27.881555
728,32.519775
729,37.7487
730,39.217635
731,40.341075
732,34.92646
733,33.260365
734,37.58285
735,38.41892
736,39.092085000000004
737,39.861195
738,38.57392
739,39.741845000000005
740,38.663355
741,37.757535000000004
742,35.78733
743,33.08196
744,28.267815000000002
745,27.059435
746,26.126179999999998
747,25.4355
748,24.941670000000002
749,24.7721
750,25.17665
751,26.682475000000004
752,31.121055
753,36.12523
754,37.530925
755,38.606005
756,33.4242
757,31.82987
758,35.96651
759,36.766465000000004
760,37.410645
761,38.14674
762,36.9148
763,38.03266
764,37.00036
765,36.1336
766,34.248025000000005
767,31.65906
768,26.99728
769,25.843460000000004
770,24.952054999999998
771,24.292375
772,23.820710000000002
773,23.65889
774,24.04515
775,25.48324
776,29.72249
777,34.501605
778,35.844215
779,36.870935
780,31.922095
781,30.399375000000003
782,34.350015
783,35.114165
784,35.72936
785,36.432285
786,35.25568
787,36.32332
788,35.337520000000005
789,34.509665
790,32.708875
791,30.236315
792,25.7269
793,24.62733
794,23.77793
795,23.149250000000002
796,22.69975
797,22.545525
798,22.91365
799,24.28416
800,28.32377
801,32.87798
802,34.15735
803,35.135864999999995
804,30.419835
805,28.96888
806,32.733675000000005
807,33.461710000000004
808,34.048075000000004
809,34.71783
810,33.596715
811,34.613980000000005
812,33.67468
813,32.88573
814,31.169725000000003
815,28.813415000000003
816,25.23803
817,24.159385
818,23.326105
819,22.70936
820,22.26854
821,22.117105000000002
822,22.478255
823,23.822725000000002
824,27.785610000000002
825,32.25333
826,33.508365000000005
827,34.46828
828,29.84184
829,28.418474999999997
830,32.11166
831,32.825900000000004
832,33.401105
833,34.058305
834,32.958425
835,33.95647
836,33.03484
837,32.26077
838,30.577469999999998
839,28.265955
840,24.201700000000002
841,23.16723
842,22.368205000000003
843,21.776880000000002
844,21.35404
845,21.20896
846,21.555075
847,22.844365000000003
848,26.644500000000004
849,30.928855000000002
850,32.132275
851,33.052820000000004
852,28.61641
853,27.251480000000004
854,30.79292
855,31.477865
856,32.02951
857,32.659585
858,31.60481
859,32.561935
860,31.678125
861,30.935985000000002
862,29.32166
863,27.10516
864,22.75338
865,21.78091
866,21.029625000000003
867,20.47364
868,20.076065
869,19.939665
870,20.265320000000003
871,21.477420000000002
872,25.05017
873,29.078000000000003
874,30.2095
875,31.074865000000003
876,26.903969999999997
877,25.620725
878,28.950280000000003
879,29.594305000000002
880,30.112780000000004
881,30.705189999999998
882,29.713655000000003
883,30.613429999999997
884,29.782475
885,29.084819999999997
886,27.56706
887,25.48324
888,22.53204
889,21.56887
890,20.825025
891,20.274465
892,19.880765
893,19.74576
894,20.068160000000002
895,21.268325
896,24.806355000000003
897,28.795125000000002
898,29.91562
899,30.772615000000002
900,26.642175
901,25.37133
902,28.668644999999998
903,29.306315
904,29.819830000000003
905,30.406505000000003
906,29.42458
907,30.31552
908,29.49278
909,28.801790000000004
910,27.298910000000003
911,25.23524
912,22.3107
913,21.356985
914,20.620425
915,20.075290000000003
916,19.685465
917,19.5517
918,19.871000000000002
919,21.059385000000002
920,24.562695
921,28.51225
922,29.621740000000003
923,30.47021
924,26.380380000000002
925,25.12209
926,28.38701
927,29.018325
928,29.526880000000002
929,30.107664999999997
930,29.135350000000003
931,30.01761
932,29.20293
933,28.51876
934,27.030605
935,24.98724
936,22.089205
937,21.1451
938,20.415825
939,19.876115
940,19.490164999999998
941,19.357795
942,19.673685000000003
943,20.850445
944,24.31888
945,28.229219999999998
946,29.327704999999998
947,30.16796
948,26.11874
949,24.872850000000003
950,28.105220000000003
951,28.73049
952,29.233774999999998
953,29.808980000000002
954,28.846275
955,29.719855
956,28.913235
957,28.235885
958,26.762455000000003
959,24.739395000000002
960,21.867865000000002
961,20.933215
962,20.211225000000002
963,19.676940000000002
964,19.294865
965,19.163735
966,19.476525000000002
967,20.641505000000002
968,24.07522
969,27.946345000000004
970,29.033825
971,29.865555
972,25.856945
973,24.623610000000003
974,27.823585
975,28.442500000000003
976,28.940825000000004
977,29.510295000000003
978,28.5572
979,29.421945
980,28.62354
981,27.952855
982,26.494305
983,24.491395
984,21.646525
985,20.721330000000002
986,20.006625000000003
987,19.477765
988,19.099565000000002
989,18.969675000000002
990,19.279365000000002
991,20.432565
992,23.83156
993,27.66347
994,28.739945
995,29.56315
996,25.595150000000004
997,24.374370000000003
998,27.54195
999,28.154510000000002
1000,28.647875000000003
1001,29.211455
1002,28.268125
1003,29.12419
1004,28.333690000000004
1005,27.669825000000003
1006,26.226000000000003
1007,24.24355
1008,21.425185
1009,20.50929
1010,19.802025
1011,19.278434999999998
1012,18.90411
1013,18.77577
1014,19.082205000000002
1015,20.223625
1016,23.587745
1017,27.380595
1018,28.446065
1019,29.2609
1020,25.333355
1021,24.124975000000003
1022,27.260315
1023,27.866675
1024,28.354925000000005
1025,28.912770000000002
1026,27.979049999999997
1027,28.82628
1028,28.043995000000002
1029,27.386950000000002
1030,25.95785
1031,23.99555
1032,21.203845
1033,20.297405
1034,19.597425
1035,19.07926
1036,18.70881
1037,18.58171
1038,18.885044999999998
1039,20.014685
1040,23.344085000000003
1041,27.097565
1042,28.152030000000003
1043,28.958495
1044,25.071715
1045,23.875735000000002
1046,26.978525
1047,27.578685
1048,28.061975000000004
1049,28.614085
1050,27.689975
1051,28.528370000000002
1052,27.754144999999998
1053,27.10392
1054,25.689545
1055,23.74755
1056,20.98235
1057,20.08552
1058,19.392825000000002
1059,18.880085
1060,18.51351
1061,18.38765
1062,18.687884999999998
1063,19.80559
1064,23.10027
1065,26.814690000000002
1066,27.85815
1067,28.656245000000002
1068,24.809919999999998
1069,23.626495000000002
1070,26.696890000000003
1071,27.29085
1072,27.769025000000003
1073,28.315245
1074,27.400900000000004
1075,28.230615
1076,27.464450000000003
1077,26.82089
1078,25.421395
1079,23.499705
1080,20.76101
1081,19.873635
1082,19.188225
1083,18.68091
1084,18.31821
1085,18.193745
1086,18.490725
1087,19.59665
1088,22.85661
1089,26.531815
1090,27.56427
1091,28.35384
1092,24.548125000000002
1093,23.377255
1094,26.415255000000002
1095,27.00286
1096,27.475920000000002
1097,28.01656
1098,27.111825
1099,27.932705000000002
1100,27.1746
1101,26.538015
1102,25.153245000000002
1103,23.251705
1104,21.594445
1105,20.67142
1106,19.958575
1107,19.4308
1108,19.053530000000002
1109,18.924105
1110,19.23302
1111,20.38343
1112,23.77421
1113,27.596975
1114,28.670815
1115,29.492160000000002
1116,25.533614999999998
1117,24.315625
1118,27.475765
1119,28.08693
1120,28.579055
1121,29.14124
1122,28.200235
1123,29.054129999999997
1124,28.265645000000003
1125,27.60333
1126,26.162915
1127,24.185115000000003
1128,23.03858
1129,22.053865000000002
1130,21.293125000000003
1131,20.73032
1132,20.327785
1133,20.189680000000003
1134,20.51921
1135,21.7465
1136,25.364045
1137,29.442405
1138,30.588165000000004
1139,31.464380000000002
1140,27.241095
1141,25.94173
1142,29.313135
1143,29.965065
1144,30.490205
1145,31.090055
1146,30.085965
1147,30.997055000000003
1148,30.155715000000004
1149,29.449225000000002
1150,27.912554999999998
1151,25.80254
1152,25.175410000000003
1153,24.0994
1154,23.268135
1155,22.653095
1156,22.213205
1157,22.062235
1158,22.422455000000003
1159,23.763515
1160,27.716635
1161,32.173350000000006
1162,33.425284999999995
1163,34.382720000000006
1164,29.76775
1165,28.347950000000004
1166,32.03199
1167,32.744524999999996
1168,33.31818
1169,33.973675
1170,32.876585
1171,33.872150000000005
1172,32.952844999999996
1173,32.18079
1174,30.50152
1175,28.19574
1176,26.081850000000003
1177,24.967090000000002
1178,24.105909999999998
1179,23.468705
1180,23.013005
1181,22.85661
1182,23.229695
1183,24.619115
1184,28.714525000000002
1185,33.331665
1186,34.628705000000004
1187,35.620705
1188,30.839575
1189,29.368625
1190,33.185345
1191,33.923455
1192,34.517880000000005
1193,35.196934999999996
1194,34.06032
1195,35.09169
1196,34.139215
1197,33.339415
1198,31.599695
1199,29.210990000000002
1200,27.706405
1201,26.522205000000003
1202,25.607395000000004
1203,24.930509999999998
1204,24.446445
1205,24.280285
1206,24.676620000000003
1207,26.152684999999998
1208,30.50307
1209,35.40789
1210,36.785685
1211,37.839375000000004
1212,32.76049
1213,31.197935
1214,35.25227
1215,36.036415000000005
1216,36.667885000000005
1217,37.389255
1218,36.181805
1219,37.2775
1220,36.265660000000004
1221,35.416105
1222,33.56804
1223,31.03038
1224,28.82256
1225,27.59062
1226,26.639075
1227,25.934755
1228,25.43116
1229,25.258335000000002
1230,25.670790000000004
1231,27.206065
1232,31.731910000000003
1233,36.8342
1234,38.267485
1235,39.363800000000005
1236,34.08016000000001
1237,32.454675
1238,36.672380000000004
1239,37.488145
1240,38.14488
1241,38.895390000000006
1242,37.63927
1243,38.77914
1244,37.726690000000005
1245,36.842725
1246,34.92026
1247,32.280455
1248,28.357715000000002
1249,27.145615000000003
1250,26.209415000000003
1251,25.51641
1252,25.021030000000003
1253,24.850995000000005
1254,25.256785
1255,26.767415000000003
1256,31.2201
1257,36.240085
1258,37.650275
1259,38.72892
1260,33.53053
1261,31.93124
1262,36.0809
1263,36.88349
1264,37.529685
1265,38.268105
1266,37.03229
1267,38.153715000000005
1268,37.118159999999996
1269,36.248455
1270,34.35699
1271,31.75981
1272,27.892870000000002
1273,26.700609999999998
1274,25.779755
1275,25.09822
1276,24.6109
1277,24.443655
1278,24.842625
1279,26.32861
1280,30.70829
1281,35.64597
1282,37.033065
1283,38.09404
1284,32.9809
1285,31.407805000000003
1286,35.48942
1287,36.278835
1288,36.91449
1289,37.640820000000005
1290,36.425155000000004
1291,37.528135
1292,36.50963
1293,35.654340000000005
1294,33.793875
1295,31.239165
1296,27.428024999999998
1297,26.255605
1298,25.350095000000003
1299,24.679875
1300,24.200615000000003
1301,24.036315000000002
1302,24.428620000000002
1303,25.889805
1304,30.19648
1305,35.05201
1306,36.415855
1307,37.459160000000004
1308,32.431270000000005
1309,30.88437
1310,34.897940000000006
1311,35.67418
1312,36.299295
1313,37.01338
1314,35.818175
1315,36.90271
1316,35.901255
1317,35.060069999999996
1318,33.230605000000004
1319,30.71852
1320,29.45496
1321,28.19605
1322,27.223580000000002
1323,26.503915
1324,25.98916
1325,25.812615000000005
1326,26.23406
1327,27.803125
1328,32.42817
1329,37.642525
1330,39.107275
1331,40.22746
1332,34.828035
1333,33.166745
1334,37.47714
1335,38.31073
1336,38.982035
1337,39.748975
1338,38.465264999999995
1339,39.630089999999996
1340,38.554545
1341,37.651205000000004
1342,35.68658
1343,32.988805
1344,30.952260000000003
1345,29.629335
1346,28.607419999999998
1347,27.85102
1348,27.310225
1349,27.12469
1350,27.567525
1351,29.216415
1352,34.076595
1353,39.555845
1354,41.095150000000004
1355,42.272375000000004
1356,36.598445
1357,34.85268000000001
1358,39.382090000000005
1359,40.25815
1360,40.963555
1361,41.769400000000005
1362,40.420435000000005
1363,41.64447
1364,40.514210000000006
1365,39.56499
1366,37.500545
1367,34.665749999999996
1368,31.636274999999998
1369,30.284055000000002
1370,29.239510000000003
1371,28.466525
1372,27.913795
1373,27.724075000000003
1374,28.176675
1375,29.86199
1376,34.829585
1377,40.42989
1378,42.00314
1379,43.206405000000004
1380,37.407235
1381,35.622875
1382,40.252415
1383,41.147695000000006
1384,41.868755
1385,42.69242500000001
1386,41.313700000000004
1387,42.564705
1388,41.409490000000005
1389,40.439345
1390,38.329175
1391,35.431760000000004
1392,31.742915
1393,30.386045
1394,29.33809
1395,28.562469999999998
1396,28.007880000000004
1397,27.81754
1398,28.27169
1399,29.96274
1400,34.947075000000005
1401,40.56629
1402,42.14481
1403,43.352105
1404,37.53325
1405,35.743
1406,40.38804
1407,41.28642
1408,42.009805
1409,42.83642
1410,41.453045
1411,42.708235
1412,41.549145
1413,40.575745000000005
1414,38.458445000000005
1415,35.55111
1416,31.639840000000003
1417,30.287464999999997
1418,29.242765
1419,28.46978
1420,27.916895
1421,27.727175000000003
1422,28.17993
1423,29.8654
1424,34.833459999999995
1425,40.43454
1426,42.007945
1427,43.21121
1428,37.41142
1429,35.626905
1430,40.256910000000005
1431,41.152345000000004
1432,41.873405
1433,42.697230000000005
1434,41.31835
1435,42.56951
1436,41.41414
1437,40.44384
1438,38.333515000000006
1439,35.435635
1440,31.536765
1441,30.188730000000003
1442,29.14744
1443,28.376935000000003
1444,27.825910000000004
1445,27.636810000000004
1446,28.088015000000002
1447,29.768060000000002
1448,34.72
1449,40.30279
1450,41.870925
1451,43.07047
1452,37.289435000000005
1453,35.51081
1454,40.125625
1455,41.01827
1456,41.737005
1457,42.558040000000005
1458,41.183655
1459,42.430785
1460,41.279135
1461,40.31209
1462,38.208585
1463,35.32016
1464,31.433535
1465,30.089995000000002
1466,29.052270000000004
1467,28.284090000000003
1468,27.734925
1469,27.546445
1470,27.996255
1471,29.67072
1472,34.606384999999996
1473,40.170885
1474,41.73406
1475,42.929575
1476,37.16745
1477,35.394715
1478,39.994495
1479,40.884195
1480,41.60045
1481,42.41885
1482,41.04896
1483,42.29206
1484,41.144284999999996
1485,40.18034
1486,38.083655
1487,35.204685000000005
1488,32.65416
1489,31.258385
1490,30.18036
1491,29.38242
1492,28.811865
1493,28.6161
1494,29.083425000000002
1495,30.822835
1496,35.950235
1497,41.730805000000004
1498,43.35474
1499,44.5966
1500,38.61081
1501,36.7691
1502,41.547595
1503,42.471705
1504,43.21586
1505,44.066035
1506,42.64298
1507,43.934285
1508,42.74187
1509,41.740570000000005
1510,39.56251
1511,36.571785
1512,33.542775
1513,32.109024999999995
1514,31.001705
1515,30.182065
1516,29.596010000000003
1517,29.394975000000002
1518,29.874855
1519,31.661695
1520,36.928595
1521,42.86649
1522,44.534445
1523,45.81025
1524,39.661555
1525,37.769625
1526,42.67816500000001
1527,43.627539999999996
1528,44.391845
1529,45.26527
1530,43.803465
1531,45.129955
1532,43.905145000000005
1533,42.87641
1534,40.639140000000005
1535,37.56704
1536,33.79527
1537,32.350825
1538,31.23498
1539,30.409295
1540,29.818745
1541,29.61616
1542,30.09976
1543,31.89993
1544,37.20651
1545,43.1892
1546,44.86971
1547,46.155125
1548,39.960085
1549,38.05405
1550,42.99948
1551,43.95583
1552,44.726025
1553,45.60596
1554,44.13315
1555,45.46956
1556,44.23560500000001
1557,43.19912
1558,40.944955
1559,37.84976
1560,34.170835000000004
1561,32.710115
1562,31.582024999999998
1563,30.747040000000002
1564,30.150135
1565,29.945225000000004
1566,30.434095
1567,32.254415
1568,37.619895
1569,43.668925
1570,45.36819
1571,46.667865
1572,40.404005
1573,38.476735
1574,43.47719
1575,44.444235
1576,45.222955000000006
1577,46.112655000000004
1578,44.62357
1579,45.974705
1580,44.726955000000004
1581,43.679155
1582,41.399879999999996
1583,38.270275
1584,33.544945
1585,32.111195
1586,31.003565000000005
1587,30.183925000000002
1588,29.597870000000004
1589,29.396835
1590,29.876715000000004
1591,31.663710000000002
1592,36.93092
1593,42.869279999999996
1594,44.53739
1595,45.813195
1596,39.664035000000005
1597,37.772105
1598,42.680955000000004
1599,43.63033
1600,44.39479
1601,45.268215000000005
1602,43.806255
1603,45.132745
1604,43.907935
1605,42.879200000000004
1606,40.64162
1607,37.569365
1608,32.91921
1609,31.512120000000003
1610,30.42526
1611,29.620964999999998
1612,29.04576
1613,28.848444999999998
1614,29.319335000000002
1615,31.073005000000002
1616,36.241945
1617,42.06948
1618,43.706435000000006
1619,44.958525
1620,38.924065000000006
1621,37.067475
1622,41.88472
1623,42.816425
1624,43.566625
1625,44.42362
1626,42.989095
1627,44.290785
1628,43.08876
1629,42.079245
1630,39.883515
1631,36.868610000000004
1632,32.29332
1633,30.913045
1634,29.8468
1635,29.057850000000002
1636,28.49365
1637,28.300055
1638,28.761955
1639,30.482300000000002
1640,35.55297
1641,41.26968
1642,42.875635
1643,44.103855
1644,38.184095
1645,36.362845
1646,41.088485000000006
1647,42.002365
1648,42.738305000000004
1649,43.57918
1650,42.17178
1651,43.44882500000001
1652,42.269585000000006
1653,41.279289999999996
1654,39.125255
1655,36.1677
1656,34.171455
1657,32.71089
1658,31.582645000000003
1659,30.74766
1660,30.150600000000004
1661,29.945845000000002
1662,30.434715
1663,32.255035
1664,37.620670000000004
1665,43.669855
1666,45.36912
1667,46.668794999999996
1668,40.40478
1669,38.47751
1670,43.477965000000005
1671,44.445165
1672,45.223885
1673,46.113585
1674,44.624345
1675,45.975635000000004
1676,44.727885
1677,43.67993
1678,41.400655
1679,38.27105
1680,34.963505
1681,33.46915
1682,32.31471
1683,31.460505
1684,30.84965
1685,30.639935
1686,31.140275
1687,33.002755
1688,38.4927
1689,44.68216
1690,46.420795
1691,47.750695
1692,41.341445
1693,39.369535
1694,44.48593
1695,45.47545
1696,46.27215
1697,47.18262
1698,45.658815000000004
1699,47.041415
1700,45.764680000000006
1701,44.692545
1702,42.360415
1703,39.15827
1704,34.96738
1705,33.472715
1706,32.318275
1707,31.463915
1708,30.852905000000003
1709,30.643345
1710,31.143685
1711,33.00632
1712,38.496885
1713,44.686965
1714,46.42591
1715,47.75581
1716,41.345940000000006
1717,39.37372
1718,44.490735
1719,45.48041
1720,46.277265
1721,47.187735
1722,45.663775
1723,47.04653
1724,45.769795
1725,44.69735
1726,42.365065
1727,39.162455
1728,34.443325
1729,32.971135
1730,31.8339
1731,30.992405
1732,30.39054
1733,30.18408
1734,30.676825
1735,32.511715
1736,37.919975
1737,44.017365
1738,45.730115
1739,47.040175000000005
1740,40.72625
1741,38.783635
1742,43.823924999999996
1743,44.79872
1744,45.58364
1745,46.480470000000004
1746,44.97945
1747,46.341435000000004
1748,45.08376500000001
1749,44.027440000000006
1750,41.730185
1751,38.575625
1752,33.919270000000004
1753,32.4694
1754,31.349525
1755,30.52074
1756,29.928175
1757,29.724815
1758,30.210120000000003
1759,32.016954999999996
1760,37.343065
1761,43.34761
1762,45.03432
1763,46.32438500000001
1764,40.106715
1765,38.19355
1766,43.157115
1767,44.117185000000006
1768,44.890170000000005
1769,45.77336
1770,44.295125
1771,45.63634
1772,44.39789
1773,43.357685000000004
1774,41.095150000000004
1775,37.988640000000004
1776,33.395215
1777,31.967820000000003
1778,30.865305
1779,30.04923
1780,29.46581
1781,29.26555
1782,29.743415
1783,31.52235
1784,36.766155
1785,42.677855
1786,44.338525
1787,45.60875
1788,39.487025
1789,37.603465
1790,42.49046
1791,43.435495
1792,44.196545
1793,45.066095
1794,43.6108
1795,44.931400000000004
1796,43.71186
1797,42.687775
1798,40.46027
1799,37.401655
1800,32.87116
1801,31.466085
1802,30.38093
1803,29.57772
1804,29.003445
1805,28.806285000000003
1806,29.27671
1807,31.027745000000003
1808,36.18909
1809,42.0081
1810,43.64273
1811,44.89296
1812,38.867335000000004
1813,37.01338
1814,41.82365
1815,42.753960000000006
1816,43.503075
1817,44.358985000000004
1818,42.926320000000004
1819,44.226305
1820,43.025985000000006
1821,42.017865
1822,39.82539
1823,36.814825
1824,34.309095
1825,32.84264
1826,31.709899999999998
1827,30.871505000000003
1828,30.27212
1829,30.066435000000002
1830,30.557320000000004
1831,32.384925
1832,37.77226
1833,43.845780000000005
1834,45.551865
1835,46.85681
1836,40.56753
1837,38.632509999999996
1838,43.653115
1839,44.62419
1840,45.40601
1841,46.29943
1842,44.804145
1843,46.16086
1844,44.90815
1845,43.855855
1846,41.567434999999996
1847,38.425275000000006
1848,35.751835
1849,34.22369
1850,33.043365
1851,32.169785
1852,31.545135000000002
1853,31.33077
1854,31.84227
1855,33.746755
1856,39.360545
1857,45.689505000000004
1858,47.46751
1859,48.82717
1860,42.27346
1861,40.257065000000004
1862,45.48878
1863,46.50062
1864,47.315455
1865,48.246385000000004
1866,46.68817000000001
1867,48.10208
1868,46.796515
1869,45.7002
1870,43.315525
1871,40.040995
1872,35.671235
1873,34.1465
1874,32.96881
1875,32.097245
1876,31.473990000000004
1877,31.26009
1878,31.770505
1879,33.67065
1880,39.271730000000005
1881,45.58643
1882,47.360405
1883,48.71712
1884,42.178135000000005
1885,40.166235
1886,45.38617000000001
1887,46.39584
1888,47.20866
1889,48.13742
1890,46.582925
1891,47.99358
1892,46.690960000000004
1893,45.59697
1894,43.21772
1895,39.950785
1896,35.39208
1897,33.87928
1898,32.710735
1899,31.84599
1900,31.227695
1901,31.015500000000003
1902,31.521885
1903,33.40715
1904,38.96452
1905,45.229775
1906,46.989645
1907,48.33582
1908,41.84814
1909,39.851895
1910,45.031065
1911,46.032675
1912,46.83929500000001
1913,47.76077
1914,46.218365000000006
1915,47.61786
1916,46.325625
1917,45.24016
1918,42.87951
1919,39.63815
1920,34.693185
1921,33.2103
1922,32.06485
1923,31.217155
1924,30.61095
1925,30.402939999999997
1926,30.899404999999998
1927,32.74747
1928,38.195100000000004
1929,44.33651
1930,46.061815
1931,47.38133
1932,41.021679999999996
1933,39.06496
1934,44.14183
1935,45.123599999999996
1936,45.914255000000004
1937,46.817595
1938,45.305725
1939,46.67763
1940,45.410815
1941,44.346895
1942,42.032745
1943,38.855245000000004
1944,33.99429
1945,32.541165
1946,31.41881
1947,30.588320000000003
1948,29.99436
1949,29.790535
1950,30.276925000000002
1951,32.08779
1952,37.425525
1953,43.4434
1954,45.13383
1955,46.42684
1956,40.195220000000006
1957,38.278025
1958,43.25259500000001
1959,44.21468
1960,44.98937
1961,45.87442
1962,44.39293
1963,45.737245
1964,44.496005000000004
1965,43.453475000000005
1966,41.18598
1967,38.072494999999996
1968,33.295395
1969,31.872185
1970,30.772925
1971,29.959330000000005
1972,29.377615
1973,29.177975
1974,29.654445000000003
1975,31.42811
1976,36.656105000000004
1977,42.550135
1978,44.205845000000004
1979,45.47235
1980,39.368915
1981,37.49109
1982,42.363205
1983,43.305605
1984,44.06433
1985,44.931245000000004
1986,43.480290000000004
1987,44.79686
1988,43.581195
1989,42.560055000000006
1990,40.339215
1991,37.289745
1992,34.9215
1993,33.428850000000004
1994,32.27596
1995,31.422685
1996,30.812450000000002
1997,30.6032
1998,31.102764999999998
1999,32.963075
2000,38.44651
2001,44.628530000000005
2002,46.364995
2003,47.693345
2004,41.291845
2005,39.32226
2006,44.432455000000004
2007,45.420735
2008,46.21666
2009,47.125890000000005
2010,45.603945
2011,46.984995
2012,45.709810000000004
2013,44.63876
2014,42.309575
2015,39.11115
2016,35.05449
2017,33.55626
2018,32.398875000000004
2019,31.542345000000005
2020,30.92994
2021,30.719759999999997
2022,31.221185000000002
2023,33.088625
2024,38.592985000000006
2025,44.798410000000004
2026,46.541695000000004
2027,47.87485
2028,41.449015
2029,39.471990000000005
2030,44.601715000000006
2031,45.593714999999996
2032,46.392585000000004
2033,47.30538
2034,45.7777
2035,47.163865
2036,45.883875
2037,44.808795
2038,42.470620000000004
2039,39.260105
2040,34.131930000000004
2041,32.67307
2042,31.54622
2043,30.712165
2044,30.11588
2045,29.911125
2046,30.399530000000002
2047,32.21768
2048,37.577115000000006
2049,43.619325
2050,45.31673
2051,46.614855000000006
2052,40.358125
2053,38.433025
2054,43.427745
2055,44.393705000000004
2056,45.17165
2057,46.060265
2058,44.572885
2059,45.922470000000004
2060,44.67627
2061,43.629555
2062,41.352915
2063,38.22687500000001
2064,34.574455
2065,33.09653
2066,31.95511
2067,31.110360000000004
2068,30.50617
2069,30.298935
2070,30.793695000000003
2071,32.635405
2072,38.064280000000004
2073,44.184765
2074,45.904180000000004
2075,47.2192
2076,40.88125
2077,38.93135
2078,43.990705
2079,44.96922
2080,45.75724
2081,46.65748000000001
2082,45.15057
2083,46.517825
2084,45.25535
2085,44.195150000000005
2086,41.888905
2087,38.722409999999996
2088,33.81015
2089,32.365085
2090,31.248775
2091,30.422625000000004
2092,29.831920000000004
2093,29.62918
2094,30.112935000000004
2095,31.914035000000002
2096,37.22294
2097,43.208110000000005
2098,44.88955
2099,46.175430000000006
2100,39.9776
2101,38.07079
2102,43.01839
2103,43.975204999999995
2104,44.74571
2105,45.62611
2106,44.152680000000004
2107,45.489555
2108,44.25498
2109,43.218185
2110,40.96309
2111,37.8665
2112,33.046
2113,31.633485
2114,30.54244
2115,29.735045000000003
2116,29.15767
2117,28.959425
2118,29.432330000000004
2119,31.192665000000005
2120,36.381600000000006
2121,42.231455
2122,43.874765000000004
2123,45.131660000000004
2124,39.07395
2125,37.21023
2126,42.04592
2127,42.981190000000005
2128,43.734335
2129,44.59474
2130,43.154635
2131,44.46144
2132,43.254765000000006
2133,42.241220000000006
2134,40.03712
2135,37.01059
2136,32.281695
2137,30.901884999999996
2138,29.836105
2139,29.047310000000003
2140,28.483265000000003
2141,28.289825
2142,28.751569999999997
2143,30.471294999999998
2144,35.54026
2145,41.2548
2146,42.86013500000001
2147,44.08789
2148,38.170300000000005
2149,36.34967
2150,41.073605
2151,41.98733
2152,42.72296
2153,43.563525
2154,42.15659
2155,43.433170000000004
2156,42.254395
2157,41.26441
2158,39.11115
2159,36.15452500000001
2160,34.222915
2161,32.76545
2162,31.751905
2163,30.84872
2164,30.176795000000002
2165,29.77643
2166,29.838275
2167,30.821595
2168,35.909315
2169,42.01554
2170,43.88329
2171,45.242175
2172,39.847710000000006
2173,38.52091
2174,42.87548
2175,43.711705
2176,44.157485
2177,44.446715000000005
2178,40.865595
2179,42.799995
2180,43.032805
2181,42.380720000000004
2182,40.450815
2183,37.85844
2184,35.43703
2185,33.927795
2186,32.87829
2187,31.94302
2188,31.247380000000003
2189,30.832755
2190,30.89677
2191,31.914965
2192,37.183260000000004
2193,43.506175
2194,45.44011
2195,46.8472
2196,41.261465
2197,39.887389999999996
2198,44.396495
2199,45.26248
2200,45.723915000000005
2201,46.02353
2202,42.315310000000004
2203,44.318375
2204,44.559400000000004
2205,43.88422
2206,41.885805
2207,39.201515
2208,34.94444
2209,33.456285
2210,32.421350000000004
2211,31.4991
2212,30.813225000000003
2213,30.404335
2214,30.467420000000004
2215,31.471510000000002
2216,36.66649
2217,42.90152
2218,44.80864
2219,46.1962
2220,40.687965
2221,39.333110000000005
2222,43.77944
2223,44.63349
2224,45.088570000000004
2225,45.384
2226,41.72724
2227,43.70256
2228,43.940175
2229,43.27445
2230,41.30378
2231,38.656690000000005
2232,34.452005
2233,32.984775
2234,31.96441
2235,31.05518
2236,30.378915
2237,29.975760000000005
2238,30.03807
2239,31.027900000000002
2240,36.149719999999995
2241,42.296865000000004
2242,44.177170000000004
2243,45.5452
2244,40.11462
2245,38.77883
2246,43.16254000000001
2247,44.0045
2248,44.453070000000004
2249,44.744315
2250,41.13917
2251,43.08659
2252,43.32095
2253,42.664525000000005
2254,40.7216
2255,38.11202
2256,33.95957000000001
2257,32.513265
2258,31.50747
2259,30.611259999999998
2260,29.944605
2261,29.54734
2262,29.608719999999998
2263,30.584445
2264,35.63295
2265,41.692365
2266,43.545700000000004
2267,44.894045
2268,39.54112
2269,38.22455
2270,42.545485
2271,43.375355000000006
2272,43.817725
2273,44.104785
2274,40.5511
2275,42.470775
2276,42.701724999999996
2277,42.0546
2278,40.139575
2279,37.567195
2280,33.467135
2281,32.041755
2282,31.050684999999998
2283,30.167340000000003
2284,29.510450000000002
2285,29.118765000000003
2286,29.179215
2287,30.140835
2288,35.116335
2289,41.08771
2290,42.914229999999996
2291,44.243045
2292,38.967775
2293,37.670115
2294,41.928585
2295,42.746365
2296,43.182225
2297,43.46510000000001
2298,39.963184999999996
2299,41.854805
2300,42.082499999999996
2301,41.44483
2302,39.55755
2303,37.02237
2304,33.45055
2305,32.025945
2306,31.035185000000002
2307,30.152459999999998
2308,29.495725
2309,29.104350000000004
2310,29.1648
2311,30.125955
2312,35.09882
2313,41.06725
2314,42.89284
2315,44.22119000000001
2316,38.9484
2317,37.651515
2318,41.907815
2319,42.72513
2320,43.160835000000006
2321,43.443554999999996
2322,39.943345
2323,41.834035
2324,42.061575000000005
2325,41.424215000000004
2326,39.537865
2327,37.00408
2328,34.734725000000005
2329,33.25556
2330,32.226825
2331,31.310154999999998
2332,30.628310000000003
2333,30.2219
2334,30.28452
2335,31.282565
2336,36.44639
2337,42.644065
2338,44.539715
2339,45.918905
2340,40.44384
2341,39.097045
2342,43.516715
2343,44.36565
2344,44.81794
2345,45.111665
2346,41.476915
2347,43.4403
2348,43.676520000000004
2349,43.01467
2350,41.055935
2351,38.42481
2352,35.732925
2353,34.211135
2354,33.152795
2355,32.209775
2356,31.5084
2357,31.09021
2358,31.154845000000005
2359,32.181565
2360,37.493725
2361,43.869495
2362,45.81955
2363,47.238420000000005
2364,41.606030000000004
2365,40.220485
2366,44.767255000000006
2367,45.64037
2368,46.105835
2369,46.40793
2370,42.66871
2371,44.688515
2372,44.931555
2373,44.250795000000004
2374,42.23564
2375,39.528875000000006
2376,35.69712
2377,34.176880000000004
2378,33.119625
2379,32.177535
2380,31.47678
2381,31.059055
2382,31.123535
2383,32.149325
2384,37.456215
2385,43.825475000000004
2386,45.77367
2387,47.191145000000006
2388,41.564335
2389,40.180185
2390,44.722460000000005
2391,45.5948
2392,46.059645
2393,46.36143
2394,42.62593
2395,44.64372
2396,44.886605
2397,44.206465
2398,42.193325
2399,39.48935
2400,35.983405
2401,34.451075
2402,33.385295000000006
2403,32.435610000000004
2404,31.729275
2405,31.308294999999998
2406,31.373240000000003
2407,32.407090000000004
2408,37.756605
2409,44.177015000000004
2410,46.140865
2411,47.569655000000004
2412,41.89774
2413,40.502585
2414,45.08113
2415,45.960445
2416,46.42901
2417,46.733275000000006
2418,42.96786
2419,45.001925
2420,45.24667
2421,44.56095
2422,42.531845000000004
2423,39.806015
2424,35.256454999999995
2425,33.75497
2426,32.710735
2427,31.780269999999998
2428,31.088195
2429,30.67574
2430,30.739290000000004
2431,31.75237
2432,36.993695
2433,43.28437
2434,45.20854
2435,46.6085
2436,41.05113
2437,39.684185
2438,44.170195
2439,45.03184
2440,45.490950000000005
2441,45.789015
2442,42.099705
2443,44.09254
2444,44.332480000000004
2445,43.66071
2446,41.67237
2447,39.001720000000006
2448,34.52935
2449,33.058865
2450,32.036175
2451,31.124930000000003
2452,30.447115
2453,30.04303
2454,30.105494999999998
2455,31.097495
2456,36.230785000000004
2457,42.39188
2458,44.276215
2459,45.647345
2460,40.20452
2461,38.865785
2462,43.259415000000004
2463,44.103235000000005
2464,44.552890000000005
2465,44.844755
2466,41.23155
2467,43.18331
2468,43.41813500000001
2469,42.760315
2470,40.81305
2471,38.197425
2472,33.802245
2473,32.36276
2474,31.361615
2475,30.469590000000004
2476,29.806035
2477,29.410474999999998
2478,29.471545
2479,30.442775
2480,35.46803
2481,41.499235000000006
2482,43.344045
2483,44.686189999999996
2484,39.358064999999996
2485,38.047385000000006
2486,42.34848
2487,43.174475
2488,43.614675000000005
2489,43.900495
2490,40.363395000000004
2491,42.27408
2492,42.503945
2493,41.85992
2494,39.95373
2495,37.39313
2496,34.818889999999996
2497,33.336005
2498,32.30479
2499,31.385949999999998
2500,30.7024
2501,30.294905000000004
2502,30.357834999999998
2503,31.35836
2504,36.534585
2505,42.747295
2506,44.647595
2507,46.03004
2508,40.541645
2509,39.19175
2510,43.622115
2511,44.47291
2512,44.92644
2513,45.22078500000001
2514,41.577200000000005
2515,43.545390000000005
2516,43.782230000000006
2517,43.11883
2518,41.15529
2519,38.517810000000004
2520,36.073615
2521,34.537255
2522,33.46884
2523,32.51683
2524,31.80879
2525,31.386570000000003
2526,31.451825
2527,32.48831
2528,37.851155000000006
2529,44.287685
2530,46.25634
2531,47.68885
2532,42.002675
2533,40.603955000000006
2534,45.19397
2535,46.07561
2536,46.54526
2537,46.8503
2538,43.075430000000004
2539,45.114610000000006
2540,45.359975000000006
2541,44.67255
2542,42.63833
2543,39.905680000000004
2544,36.850165000000004
2545,35.280945
2546,34.189435
2547,33.216965
2548,32.49358
2549,32.06237
2550,32.129020000000004
2551,33.187825000000004
2552,38.66614500000001
2553,45.24109
2554,47.252215
2555,48.71557
2556,42.906945
2557,41.478155
2558,46.16706
2559,47.06761
2560,47.547489999999996
2561,47.85904
2562,44.00295
2563,46.085840000000005
2564,46.336475
2565,45.634325000000004
2566,43.55624
2567,40.764845
2568,37.35593
2569,35.765010000000004
2570,34.65862
2571,33.67282
2572,32.939515
2573,32.502415
2574,32.56984
2575,33.643215000000005
2576,39.19671
2577,45.86202
2578,47.900735000000005
2579,49.384085000000006
2580,43.49579000000001
2581,42.047470000000004
2582,46.8007
2583,47.713495
2584,48.20004
2585,48.515775
2586,44.60683
2587,46.718395
2588,46.97244
2589,46.26068
2590,44.154075
2591,41.324395
2592,36.52048
2593,34.96521
2594,33.88362
2595,32.919830000000005
2596,32.202955
2597,31.77562
2598,31.841495000000002
2599,32.890845
2600,38.320185
2601,44.836385
2602,46.82953
2603,48.27971
2604,42.52301
2605,41.107085000000005
2606,45.753985
2607,46.646475
2608,47.122015
2609,47.430775000000004
2610,43.60925
2611,45.67354
2612,45.922005
2613,45.226055
2614,43.16657
2615,40.400285
2616,35.685185000000004
2617,34.16541
2618,33.108465
2619,32.166685
2620,31.46624
2621,31.048670000000005
2622,31.11315
2623,32.138475
2624,37.44366
2625,43.81075
2626,45.758325
2627,47.175335000000004
2628,41.550385
2629,40.166700000000006
2630,44.707425
2631,45.579454999999996
2632,46.044145
2633,46.345775
2634,42.61167
2635,44.628840000000004
2636,44.871570000000006
2637,44.191585
2638,42.17922
2639,39.47602
2640,34.849735
2641,33.36561
2642,32.333465
2643,31.413695
2644,30.729525000000002
2645,30.321875000000002
2646,30.384805000000004
2647,31.386104999999997
2648,36.56698
2649,42.785115000000005
2650,44.68712
2651,46.070805
2652,40.577605
2653,39.226470000000006
2654,43.66071
2655,44.512435
2656,44.966275
2657,45.260775
2658,41.61409
2659,43.583985000000006
2660,43.82098
2661,43.15696
2662,41.191715
2663,38.55191
2664,35.966045
2665,34.434335
2666,33.369020000000006
2667,32.419955
2668,31.71393
2669,31.293105
2670,31.358050000000002
2671,32.391435
2672,37.738315
2673,44.155625
2674,46.118545000000005
2675,47.54656
2676,41.877435000000006
2677,40.4829
2678,45.059275
2679,45.938125
2680,46.406535
2681,46.710645
2682,42.94709
2683,44.980070000000005
2684,45.22466
2685,44.539405
2686,42.511075000000005
2687,39.786795000000005
2688,36.804750000000006
2689,35.23739
2690,34.14743
2691,33.176045
2692,32.45359
2693,32.022845000000004
2694,32.08934
2695,33.146905000000004
2696,38.618405
2697,45.185445
2698,47.19409
2699,48.655585
2700,42.85409
2701,41.42716
2702,46.110175
2703,47.009640000000005
2704,47.4889
2705,47.799985
2706,43.9487
2707,46.02911
2708,46.27943500000001
2709,45.578215
2710,43.50261
2711,40.714780000000005
2712,37.710570000000004
2713,36.104614999999995
2714,34.987685000000006
2715,33.992585000000005
2716,33.252305
2717,32.81102
2718,32.879065
2719,33.96267
2720,39.568865
2721,46.29757
2722,48.35566
2723,49.85296000000001
2724,43.90871
2725,42.446594999999995
2726,47.24493
2727,48.16656
2728,48.6576
2729,48.976435
2730,45.03029
2731,47.162005
2732,47.418530000000004
2733,46.69995
2734,44.573195000000005
2735,41.7167
2736,37.87549
2737,36.26256
2738,35.14082500000001
2739,34.14123
2740,33.397695
2741,32.95455
2742,33.022905
2743,34.111160000000005
2744,39.742000000000004
2745,46.5
2746,48.567080000000004
2747,50.071045
2748,44.10075500000001
2749,42.632285
2750,47.451545
2751,48.377205
2752,48.870415
2753,49.190645
2754,45.227295
2755,47.368155
2756,47.625765
2757,46.904085
2758,44.768185
2759,41.899135
2760,36.2731
2761,34.72837
2762,33.65391
2763,32.69663
2764,31.984715
2765,31.56017
2766,31.625735000000002
2767,32.667955
2768,38.06056
2769,44.532585
2770,46.512245
2771,47.952505
2772,42.234865
2773,40.82855
2774,45.443985
2775,46.33043
2776,46.802715
2777,47.10946
2778,43.313665
2779,45.364005
2780,45.610765
2781,44.91962
2782,42.874085
2783,40.126400000000004
2784,36.17421
2785,34.633665
2786,33.562305
2787,32.607659999999996
2788,31.897605000000002
2789,31.474300000000003
2790,31.539555
2791,32.578985
2792,37.956865
2793,44.41122
2794,46.38545500000001
2795,47.82184
2796,42.119855
2797,40.71726
2798,45.32014
2799,46.204105000000006
2800,46.675305
2801,46.981120000000004
2802,43.195710000000005
2803,45.24047
2804,45.48661
2805,44.797325
2806,42.757215
2807,40.017125
2808,35.19027
2809,33.69173
2810,32.649355
2811,31.720750000000002
2812,31.029915000000003
2813,30.618235
2814,30.681784999999998
2815,31.69285
2816,36.92441
2817,43.203305
2818,45.123755
2819,46.521080000000005
2820,40.97425
2821,39.609785
2822,44.087425
2823,44.947365000000005
2824,45.4057
2825,45.703145
2826,42.02081
2827,44.009925
2828,44.2494
2829,43.57887
2830,41.59425
2831,38.928715000000004
2832,34.20633
2833,32.74964
2834,31.73656
2835,30.833840000000002
2836,30.16238
2837,29.762015
2838,29.82386
2839,30.806715
2840,35.891954999999996
2841,41.99539
2842,43.862210000000005
2843,45.220475
2844,39.82849
2845,38.50231
2846,42.85471
2847,43.690625000000004
2848,44.136095000000005
2849,44.425325
2850,40.84591
2851,42.779379999999996
2852,43.012035000000004
2853,42.360260000000004
2854,40.431285
2855,37.84015
2856,33.222390000000004
2857,31.807550000000003
2858,30.82361
2859,29.94693
2860,29.29469
2861,28.90595
2862,28.965935
2863,29.92058
2864,34.8595
2865,40.78732
2866,42.60051
2867,43.919715000000004
2868,38.682885000000006
2869,37.394835
2870,41.621995000000005
2871,42.433885000000004
2872,42.866645
2873,43.147505
2874,39.67101
2875,41.548835000000004
2876,41.774825
2877,41.141805
2878,39.268319999999996
2879,36.75174
2880,32.23845
2881,30.865615000000002
2882,29.910815
2883,29.059865000000002
2884,28.427155
2885,28.049885
2886,28.108165
2887,29.034445
2888,33.827200000000005
2889,39.579405
2890,41.33881
2891,42.618955
2892,37.53728
2893,36.28736
2894,40.38928
2895,41.177145
2896,41.59704
2897,41.86953
2898,38.49611
2899,40.318290000000005
2900,40.537615
2901,39.923350000000006
2902,38.105355
2903,35.66333
2904,31.254510000000003
2905,29.923524999999998
2906,28.997865000000004
2907,28.172955
2908,27.559465000000003
2909,27.19382
2910,27.25024
2911,28.14831
2912,32.794745000000006
2913,38.371335
2914,40.077110000000005
2915,41.318195
2916,36.39152
2917,35.17973
2918,39.15672
2919,39.920405
2920,40.327435
2921,40.59171
2922,37.32121
2923,39.087745
2924,39.300405000000005
2925,38.704895
2926,36.94239
2927,34.574765
2928,32.055550000000004
2929,30.690465
2930,29.74109
2931,28.8951
2932,28.265800000000002
2933,27.8907
2934,27.948670000000003
2935,28.86968
2936,33.63531
2937,39.35481
2938,41.104295
2939,42.377155
2940,37.324310000000004
2941,36.081520000000005
2942,40.16019
2943,40.94356
2944,41.360975
2945,41.632070000000006
2946,38.277715
2947,40.089665000000004
2948,40.30775
2949,39.696895000000005
2950,37.88913
2951,35.461055
2952,32.856745000000004
2953,31.457405000000005
2954,30.484315000000002
2955,29.61709
2956,28.972135
2957,28.587735000000002
2958,28.6471
2959,29.591205000000002
2960,34.47572
2961,40.338285
2962,42.13148
2963,43.436115
2964,38.256945
2965,36.983155
2966,41.16381500000001
2967,41.966715
2968,42.394670000000005
2969,42.67243
2970,39.23422
2971,41.09143
2972,41.31494000000001
2973,40.688895
2974,38.836025
2975,36.34719
2976,33.657785000000004
2977,32.224345
2978,31.227539999999998
2979,30.339235
2980,29.67847
2981,29.28477
2982,29.345530000000004
2983,30.312575
2984,35.316285
2985,41.32176
2986,43.158665
2987,44.495075
2988,39.189735
2989,37.88479
2990,42.16744
2991,42.989869999999996
2992,43.42821
2993,43.71279
2994,40.190725
2995,42.093195
2996,42.322285
2997,41.680895
2998,39.782765
2999,37.233325
3000,34.948315
3001,33.460005
3002,32.424915
3003,31.502665000000004
3004,30.816634999999998
3005,30.40759
3006,30.47083
3007,31.47492
3008,36.67052
3009,42.90617
3010,44.8136
3011,46.201315
3012,40.692460000000004
3013,39.337450000000004
3014,43.784400000000005
3015,44.638295
3016,45.09353
3017,45.388960000000004
3018,41.73189
3019,43.707365
3020,43.945135
3021,43.2791
3022,41.308275
3023,38.66103
3024,36.434765
3025,34.88306
3026,33.80395
3027,32.842485
3028,32.12716
3029,31.700910000000004
3030,31.76663
3031,32.813655000000004
3032,38.23013
3033,44.731139999999996
3034,46.719480000000004
3035,48.16625
3036,42.423190000000005
3037,41.01052
3038,45.646570000000004
3039,46.53689000000001
3040,47.011345
3041,47.31933
3042,43.506795
3043,45.56628
3044,45.814125000000004
3045,45.11988
3046,43.0652
3047,40.30527
3048,36.08741
3049,34.550585000000005
3050,33.481705
3051,32.529385
3052,31.821035
3053,31.398660000000003
3054,31.463915
3055,32.50071
3056,37.865725000000005
3057,44.304735
3058,46.274164999999996
3059,47.70714
3060,42.018795
3061,40.61961
3062,45.211330000000004
3063,46.09328
3064,46.56324
3065,46.86828
3066,43.092015
3067,45.131815
3068,45.377335
3069,44.689755000000005
3070,42.654605000000004
3071,39.921025
3072,37.003615
3073,35.427730000000004
3074,34.33188
3075,33.355225000000004
3076,32.628895
3077,32.19598
3078,32.262785
3079,33.32593
3080,38.827035
3081,45.42957
3082,47.449065000000004
3083,48.91831
3084,43.085660000000004
3085,41.650825000000005
3086,46.35926
3087,47.26353
3088,47.745425
3089,48.058215
3090,44.18616
3091,46.27773
3092,46.52945
3093,45.824355000000004
3094,43.737590000000004
3095,40.934725
3096,36.079660000000004
3097,34.543145
3098,33.47442
3099,32.522255
3100,31.814060000000005
3101,31.391840000000002
3102,31.457095
3103,32.493735
3104,37.85751
3105,44.295125
3106,46.26409
3107,47.696754999999996
3108,42.00965
3109,40.610775000000004
3110,45.201565
3111,46.08320500000001
3112,46.55316500000001
3113,46.858205000000005
3114,43.082715
3115,45.12205
3116,45.36757
3117,44.680145
3118,42.64546
3119,39.9125
3120,35.155550000000005
3121,33.658405
3122,32.617115
3123,31.689285
3124,30.999225000000003
3125,30.587855000000005
3126,30.651404999999997
3127,31.661540000000002
3128,36.88783
3129,43.160525
3130,45.07927
3131,46.4752
3132,40.93364
3133,39.570724999999996
3134,44.043870000000005
3135,44.903035
3136,45.36075
3137,45.65804
3138,41.97927
3139,43.966370000000005
3140,44.205535000000005
3141,43.535779999999995
3142,41.553174999999996
3143,38.890119999999996
3144,34.231440000000006
3145,32.773665
3146,31.75981
3147,30.856315
3148,30.18439
3149,29.78387
3150,29.845715
3151,30.829345000000004
3152,35.918305000000004
3153,42.02608
3154,43.894295
3155,45.25349
3156,39.857785
3157,38.53052
3158,42.886175
3159,43.722710000000006
3160,44.16849
3161,44.457875
3162,40.875825000000006
3163,42.810845
3164,43.043655
3165,42.391415
3166,40.46089
3167,37.867895000000004
3168,36.279455
3169,34.734415000000006
3170,33.659800000000004
3171,32.702365
3172,31.990295
3173,31.565749999999998
3174,31.631315
3175,32.67369
3176,38.067225
3177,44.540335000000006
3178,46.520305
3179,47.960875
3180,42.242305
3181,40.83568
3182,45.45189
3183,46.33849
3184,46.810930000000006
3185,47.117675
3186,43.32126
3187,45.372065000000006
3188,45.618825
3189,44.927524999999996
3190,42.881525
3191,40.13353
3192,37.861695
3193,36.249230000000004
3194,35.12796
3195,34.128675
3196,33.385450000000006
3197,32.94246
3198,33.010815
3199,34.09876
3200,39.727430000000005
3201,46.48295
3202,48.549255
3203,50.052755
3204,44.084635000000006
3205,42.61663
3206,47.434185
3207,48.359535
3208,48.852590000000006
3209,49.172665
3210,45.21071
3211,47.350795
3212,47.608405
3213,46.887035000000004
3214,44.751755
3215,41.88379
3216,38.552995
3217,36.911235000000005
3218,35.76935
3219,34.75193
3220,33.995065000000004
3221,33.544015
3222,33.61361
3223,34.721395
3224,40.452830000000006
3225,47.33173
3226,49.435855000000004
3227,50.966635000000004
3228,44.889705
3229,43.394885
3230,48.30048
3231,49.24257
3232,49.744615
3233,50.07058000000001
3234,46.03624
3235,48.215540000000004
3236,48.4778
3237,47.7431
3238,45.56907
3239,42.648715
3240,38.604455
3241,36.960370000000005
3242,35.81709
3243,34.798275000000004
3244,34.04048
3245,33.588655
3246,33.658405
3247,34.767585000000004
3248,40.50677
3249,47.394815
3250,49.50173
3251,51.034525
3252,44.949535000000004
3253,43.4527
3254,48.364805
3255,49.308135
3256,49.810955
3257,50.13723
3258,46.097620000000006
3259,48.27971
3260,48.542435
3261,47.806805000000004
3262,45.629675000000006
3263,42.705445
3264,38.214165
3265,36.586664999999996
3266,35.454855
3267,34.446425000000005
3268,33.696225
3269,33.249050000000004
3270,33.31818
3271,34.4162
3272,40.09726
3273,46.915710000000004
3274,49.001235
3275,50.518685000000005
3276,44.495075
3277,43.01343
3278,47.87578
3279,48.80965500000001
3280,49.30736
3281,49.630379999999995
3282,45.631535
3283,47.791615
3284,48.051550000000006
3285,47.323515
3286,45.168395
3287,42.27377
3288,37.823875
3289,36.21296
3290,35.092775
3291,34.094575000000006
3292,33.352125
3293,32.9096
3294,32.9778
3295,34.06466
3296,39.68775
3297,46.43645
3298,48.50074
3299,50.00269
3300,44.040615
3301,42.574005
3302,47.386755
3303,48.311175000000006
3304,48.803765
3305,49.12353
3306,45.16545
3307,47.30352
3308,47.56082
3309,46.840070000000004
3310,44.707115
3311,41.84194
3312,37.433585
3313,35.83941
3314,34.730695000000004
3315,33.742725
3316,33.007870000000004
3317,32.569995
3318,32.637575
3319,33.713119999999996
3320,39.278085
3321,45.957345
3322,48.000245
3323,49.486695000000005
3324,43.586155000000005
3325,42.134735000000006
3326,46.897885
3327,47.812540000000006
3328,48.30017
3329,48.616525
3330,44.699365
3331,46.815425
3332,47.07009
3333,46.35678
3334,44.24568
3335,41.410265
3336,38.99149
3337,37.330975
3338,36.17607
3339,35.14718
3340,34.381635
3341,33.92547
3342,33.99584
3343,35.11618
3344,40.91287
3345,47.870045000000005
3346,49.998039999999996
3347,51.546335
3348,45.40012
3349,43.888405000000006
3350,48.849645
3351,49.802585
3352,50.310365000000004
3353,50.63989500000001
3354,46.55983
3355,48.763775
3356,49.02898
3357,48.286065
3358,46.087235
3359,43.13371
3360,38.087219999999995
3361,36.465145
3362,35.337210000000006
3363,34.332035
3364,33.584315000000004
3365,33.13869
3366,33.20751
3367,34.301809999999996
3368,39.964115
3369,46.759935
3370,48.838485000000006
3371,50.350820000000006
3372,44.347205
3373,42.87052
3374,47.716750000000005
3375,48.647525
3376,49.143525000000004
3377,49.465615
3378,45.4801
3379,47.632895
3380,47.892055
3381,47.166345
3382,45.018355
3383,42.133340000000004
3384,38.339715
3385,36.706945
3386,35.571415
3387,34.559575
3388,33.806895000000004
3389,33.358325
3390,33.42761
3391,34.529195
3392,40.22901
3393,47.06978
3394,49.162125
3395,50.684535000000004
3396,44.641239999999996
3397,43.154635
3398,48.033105
3399,48.969924999999996
3400,49.469335
3401,49.793440000000004
3402,45.781420000000004
3403,47.94863
3404,48.209495000000004
3405,47.478825
3406,45.31673
3407,42.41265
3408,38.79929
3409,37.14699
3410,35.99782
3411,34.973890000000004
3412,34.212219999999995
3413,33.758224999999996
3414,33.828285
3415,34.943200000000004
3416,40.711215
3417,47.634135
3418,49.75159
3419,51.29229
3420,45.176455000000004
3421,43.672025
3422,48.60893
3423,49.557065
3424,50.062365
3425,50.390345
3426,46.33043
3427,48.523525
3428,48.78749
3429,48.048140000000004
3430,45.86016
3431,42.92105
3432,37.483650000000004
3433,35.887305
3434,34.77704000000001
3435,33.78783
3436,33.052045
3437,32.613550000000004
3438,32.681129999999996
3439,33.758224999999996
3440,39.33063
3441,46.018724999999996
3442,48.064415000000004
3443,49.55288
3444,43.644435
3445,42.191155
3446,46.960505000000005
3447,47.876555
3448,48.36465
3449,48.681625
3450,44.759195
3451,46.878045
3452,47.13302
3453,46.418780000000005
3454,44.30489
3455,41.4656
3456,36.167855
3457,34.62762
3458,33.556415
3459,32.601925
3460,31.891869999999997
3461,31.468719999999998
3462,31.533975
3463,32.57325
3464,37.950044999999996
3465,44.403470000000006
3466,46.37724
3467,47.81347
3468,42.112415
3469,40.71013000000001
3470,45.31208
3471,46.196045
3472,46.666935
3473,46.97275
3474,43.188114999999996
3475,45.23241
3476,45.478550000000006
3477,44.78942
3478,42.749775
3479,40.009994999999996
3480,34.85206
3481,33.367935
3482,32.335634999999996
3483,31.415865
3484,30.731695
3485,30.323890000000002
3486,30.386819999999997
3487,31.388275
3488,36.56946
3489,42.78806
3490,44.690220000000004
3491,46.07406
3492,40.580395
3493,39.229105000000004
3494,43.663810000000005
3495,44.51538
3496,44.969375
3497,45.263875
3498,41.61688
3499,43.58693
3500,43.82408
3501,43.159905
3502,41.19450500000001
3503,38.554545
3504,38.259425
3505,36.630065
3506,35.49686
3507,34.48719
3508,33.73606
3509,33.28842
3510,33.35755
3511,34.456810000000004
3512,40.14469
3513,46.971199999999996
3514,49.059205
3515,50.57836
3516,44.54762
3517,43.06427
3518,47.93251
3519,48.867470000000004
3520,49.36564
3521,49.689125
3522,45.685629999999996
3523,47.84819
3524,48.108435
3525,47.37947
3526,45.22187
3527,42.323679999999996
3528,40.33937
3529,38.62135000000001
3530,37.426610000000004
3531,36.362069999999996
3532,35.570175
3533,35.0982
3534,35.17105
3535,36.33014
3536,42.32709
3537,49.524825
3538,51.72629
3539,53.32806
3540,46.969495
3541,45.405545000000004
3542,50.53837000000001
3543,51.524015000000006
3544,52.049465000000005
3545,52.390465
3546,48.169195
3547,50.449400000000004
3548,50.723904999999995
3549,49.95526
3550,47.680325
3551,44.624655
3552,41.21264
3553,39.45742
3554,38.236795
3555,37.149159999999995
3556,36.340215
3557,35.85801
3558,35.932410000000004
3559,37.11661
3560,43.24345
3561,50.596804999999996
3562,52.84601
3563,54.4825
3564,47.986295
3565,46.388400000000004
3566,51.63236
3567,52.63939500000001
3568,53.17616
3569,53.5246
3570,49.212035
3571,51.54153
3572,51.82192500000001
3573,51.03669500000001
3574,48.712469999999996
3575,45.59077
3576,40.04704
3577,38.341575
3578,37.15536
3579,36.09857
3580,35.31241
3581,34.843845
3582,34.91623
3583,36.066795
3584,42.020345
3585,49.165845
3586,51.35150000000001
3587,52.94164500000001
3588,46.629115000000006
3589,45.076480000000004
3590,50.17210500000001
3591,51.15062
3592,51.672195
3593,52.010715000000005
3594,47.820135
3595,50.083909999999996
3596,50.35624500000001
3597,49.593180000000004
3598,47.33483
3599,44.301325
3600,39.29219
3601,37.618809999999996
3602,36.45507
3603,35.41812
3604,34.64684
3605,34.187110000000004
3606,34.257945
3607,35.386965000000004
3608,41.228295
3609,48.2391
3610,50.383525
3611,51.943754999999996
3612,45.750265000000006
3613,44.22677
3614,49.226295
3615,50.18652
3616,50.698175000000006
3617,51.03034
3618,46.91881
3619,49.139805
3620,49.407025
3621,48.658375
3622,46.442495
3623,43.466185
3624,38.537185
3625,36.896045
3626,35.754625
3627,34.73767
3628,33.981115
3629,33.53022
3630,33.599815
3631,34.707135
3632,40.436245
3633,47.312355000000004
3634,49.41555
3635,50.945710000000005
3636,44.87126000000001
3637,43.37706
3638,48.280640000000005
3639,49.22242
3640,49.724155
3641,50.04996500000001
3642,46.01733
3643,48.1957
3644,48.457805
3645,47.72357
3646,45.550315
3647,42.6312
3648,37.782334999999996
3649,36.17328
3650,35.054335
3651,34.05722
3652,33.315545
3653,32.873485
3654,32.941685
3655,34.027305
3656,39.644194999999996
3657,46.38561000000001
3658,48.447575
3659,49.94782000000001
3660,43.992255
3661,42.527350000000006
3662,47.33483
3663,48.258165
3664,48.75029
3665,49.069590000000005
3666,45.116005
3667,47.25175
3668,47.50874
3669,46.788765
3670,44.658135
3671,41.79606
3672,40.33379
3673,38.61608
3674,37.421495
3675,36.35711
3676,35.56537
3677,35.093395
3678,35.166244999999996
3679,36.32518
3680,42.321355
3681,49.518005
3682,51.719315
3683,53.320775000000005
3684,46.96314
3685,45.399345000000004
3686,50.531395
3687,51.51704000000001
3688,52.042335
3689,52.383334999999995
3690,48.162685
3691,50.44258
3692,50.71693
3693,49.948440000000005
3694,47.673815000000005
3695,44.618610000000004
3696,40.512195000000006
3697,38.78689000000001
3698,37.587035
3699,36.517845
3700,35.72254
3701,35.24855
3702,35.32171
3703,36.48576
3704,42.50844
3705,49.736864999999995
3706,51.94794
3707,53.55653
3708,47.170685
3709,45.599915
3710,50.754749999999994
3711,51.744735
3712,52.272355000000005
3713,52.61490499999999
3714,48.375655
3715,50.665625
3716,50.941215
3717,50.16916
3718,47.884615000000004
3719,44.81577
3720,39.285215
3721,37.612145
3722,36.448715
3723,35.41192
3724,34.640640000000005
3725,34.181065
3726,34.252055
3727,35.380765000000004
3728,41.22101
3729,48.230575
3730,50.37469
3731,51.93461
3732,45.742205
3733,44.21902
3734,49.217615
3735,50.177685000000004
3736,50.68934000000001
3737,51.021350000000005
3738,46.910595
3739,49.131125000000004
3740,49.398345000000006
3741,48.64985
3742,46.434435
3743,43.45859
3744,39.318075
3745,37.64361
3746,36.479095
3747,35.441525000000006
3748,34.669625
3749,34.209585
3750,34.280575
3751,35.41037
3752,41.255575
3753,48.27103
3754,50.416850000000004
3755,51.97801
3756,45.78049
3757,44.256065
3758,49.258845
3759,50.21969
3760,50.73181000000001
3761,51.064130000000006
3762,46.94981
3763,49.172200000000004
3764,49.43973
3765,48.690615
3766,46.473185
3767,43.495015
3768,40.668745
3769,38.936930000000004
3770,37.732425
3771,36.65905
3772,35.8608
3773,35.38495
3774,35.458265000000004
3775,36.62681
3776,42.672895
3777,49.92922000000001
3778,52.14882
3779,53.76361
3780,47.353120000000004
3781,45.776305
3782,50.951134999999994
3783,51.944995000000006
3784,52.47463
3785,52.81842
3786,48.56274
3787,50.861545
3788,51.138220000000004
3789,50.363220000000005
3790,48.06984
3791,44.989215
3792,41.880845
3793,40.09726
3794,38.856795
3795,37.751644999999996
3796,36.929525000000005
3797,36.439415000000004
3798,36.515055000000004
3799,37.718475
3800,43.94467
3801,51.417375
3802,53.703005000000005
3803,55.366
3804,48.764395
3805,47.140615000000004
3806,52.469515
3807,53.49298
3808,54.038425000000004
3809,54.392445
3810,50.009975
3811,52.37729
3812,52.66218
3813,51.86424
3814,49.50235
3815,46.329965
3816,34.231440000000006
3817,32.773665
3818,31.75981
3819,30.856315
3820,30.18439
3821,29.78387
3822,29.845715
3823,30.829345000000004
3824,35.918305000000004
3825,42.02608
3826,43.894295
3827,45.25349
3828,39.857785
3829,38.53052
3830,42.886175
3831,43.722710000000006
3832,44.16849
3833,44.457875
3834,40.875825000000006
3835,42.810845
3836,43.043655
3837,42.391415
3838,40.46089
3839,37.867895000000004
3840,36.279455
3841,34.734415000000006
3842,33.659800000000004
3843,32.702365
3844,31.990295
3845,31.565749999999998
3846,31.631315
3847,32.67369
3848,38.067225
3849,44.540335000000006
3850,46.520305
3851,47.960875
3852,42.242305
3853,40.83568
3854,45.45189
3855,46.33849
3856,46.810930000000006
3857,47.117675
3858,43.32126
3859,45.372065000000006
3860,45.618825
3861,44.927524999999996
3862,42.881525
3863,40.13353
3864,37.861695
3865,36.249230000000004
3866,35.12796
3867,34.128675
3868,33.385450000000006
3869,32.94246
3870,33.010815
3871,34.09876
3872,39.727430000000005
3873,46.48295
3874,48.549255
3875,50.052755
3876,44.084635000000006
3877,42.61663
3878,47.434185
3879,48.359535
3880,48.852590000000006
3881,49.172665
3882,45.21071
3883,47.350795
3884,47.608405
3885,46.887035000000004
3886,44.751755
3887,41.88379
3888,38.552995
3889,36.911235000000005
3890,35.76935
3891,34.75193
3892,33.995065000000004
3893,33.544015
3894,33.61361
3895,34.721395
3896,40.452830000000006
3897,47.33173
3898,49.435855000000004
3899,50.966635000000004
3900,44.889705
3901,43.394885
3902,48.30048
3903,49.24257
3904,49.744615
3905,50.07058000000001
3906,46.03624
3907,48.215540000000004
3908,48.4778
3909,47.7431
3910,45.56907
3911,42.648715
3912,38.604455
3913,36.960370000000005
3914,35.81709
3915,34.798275000000004
3916,34.04048
3917,33.588655
3918,33.658405
3919,34.767585000000004
3920,40.50677
3921,47.394815
3922,49.50173
3923,51.034525
3924,44.949535000000004
3925,43.4527
3926,48.364805
3927,49.308135
3928,49.810955
3929,50.13723
3930,46.097620000000006
3931,48.27971
3932,48.542435
3933,47.806805000000004
3934,45.629675000000006
3935,42.705445
3936,38.214165
3937,36.586664999999996
3938,35.454855
3939,34.446425000000005
3940,33.696225
3941,33.249050000000004
3942,33.31818
3943,34.4162
3944,40.09726
3945,46.915710000000004
3946,49.001235
3947,50.518685000000005
3948,44.495075
3949,43.01343
3950,47.87578
3951,48.80965500000001
3952,49.30736
3953,49.630379999999995
3954,45.631535
3955,47.791615
3956,48.051550000000006
3957,47.323515
3958,45.168395
3959,42.27377
3960,37.823875
3961,36.21296
3962,35.092775
3963,34.094575000000006
3964,33.352125
3965,32.9096
3966,32.9778
3967,34.06466
3968,39.68775
3969,46.43645
3970,48.50074
3971,50.00269
3972,44.040615
3973,42.574005
3974,47.386755
3975,48.311175000000006
3976,48.803765
3977,49.12353
3978,45.16545
3979,47.30352
3980,47.56082
3981,46.840070000000004
3982,44.707115
3983,41.84194
3984,37.433585
3985,35.83941
3986,34.730695000000004
3987,33.742725
3988,33.007870000000004
3989,32.569995
3990,32.637575
3991,33.713119999999996
3992,39.278085
3993,45.957345
3994,48.000245
3995,49.486695000000005
3996,43.586155000000005
3997,42.134735000000006
3998,46.897885
3999,47.812540000000006
4000,48.30017
4001,48.616525
4002,44.699365
4003,46.815425
4004,47.07009
4005,46.35678
4006,44.24568
4007,41.410265
4008,39.026675
4009,37.364610000000006
4010,36.208774999999996
4011,35.1788
4012,34.412635
4013,33.956005
4014,34.02653
4015,35.1478
4016,40.94976
4017,47.913135000000004
4018,50.04299
4019,51.59268000000001
4020,45.44104
4021,43.927929999999996
4022,48.893665
4023,49.84738
4024,50.355624999999996
4025,50.68562000000001
4026,46.601835
4027,48.807795000000006
4028,49.073155
4029,48.32962
4030,46.128775000000005
4031,43.17246
4032,38.155885000000005
4033,36.531020000000005
4034,35.400915000000005
4035,34.393879999999996
4036,33.64492
4037,33.198519999999995
4038,33.267340000000004
4039,34.363655
4040,40.03619
4041,46.844100000000005
4042,48.926525
4043,50.44165
4044,44.427185
4045,42.947865
4046,47.802775
4047,48.735255
4048,49.232185
4049,49.55474
4050,45.56194
4051,47.718765000000005
4052,47.978390000000005
4053,47.251285
4054,45.099575
4055,42.20929
4056,38.44341
4057,36.806145
4058,35.66767
4059,34.65304
4060,33.898345000000006
4061,33.448535
4062,33.517975
4063,34.62266
4064,40.33782
4065,47.19719
4066,49.295115
4067,50.82171000000001
4068,44.761984999999996
4069,43.271505000000005
4070,48.162995
4071,49.10245
4072,49.603100000000005
4073,49.928135000000005
4074,45.905265
4075,48.078365
4076,48.339850000000006
4077,47.60732
4078,45.439335
4079,42.527350000000006
4080,38.93941
4081,37.281065
4082,36.12771
4083,35.10006
4084,34.335755
4085,33.880055
4086,33.950425
4087,35.069215
4088,40.858155
4089,47.80603
4090,49.93108
4091,51.47736
4092,45.339515
4093,43.829660000000004
4094,48.78439
4095,49.735935
4096,50.243095000000004
4097,50.572314999999996
4098,46.49752
4099,48.698675
4100,48.963415000000005
4101,48.221585000000005
4102,46.025545
4103,43.07605
4104,37.652755000000006
4105,36.04928
4106,34.934055
4107,33.940349999999995
4108,33.20131
4109,32.760645
4110,32.82869
4111,33.91059
4112,39.508105
4113,46.226425
4114,48.281415
4115,49.77639
4116,43.841440000000006
4117,42.381495
4118,47.17254500000001
4119,48.092625
4120,48.582890000000006
4121,48.90126
4122,44.96116
4123,47.089465
4124,47.34568
4125,46.628185
4126,44.50484
4127,41.652685
4128,36.363775000000004
4129,34.81517
4130,33.73823
4131,32.778470000000006
4132,32.064695
4133,31.639220000000005
4134,31.704785
4135,32.74964
4136,38.15573
4137,44.64403
4138,46.628495
4139,48.072475000000004
4140,42.340575
4141,40.930695
4142,45.5576
4143,46.446215
4144,46.919895000000004
4145,47.22726
4146,43.42201
4147,45.477465
4148,45.724845
4149,45.031995
4150,42.981345000000005
4151,40.22684
4152,35.07247
4153,33.57889
4154,32.54008
4155,31.614575000000002
4156,30.926065
4157,30.515625
4158,30.579020000000003
4159,31.586675
4160,36.80072
4161,43.058690000000006
4162,44.972785
4163,46.36546
4164,40.837075
4165,39.47726
4166,43.939865
4167,44.79686
4168,45.253645000000006
4169,45.55016
4170,41.88007
4171,43.862675
4172,44.101220000000005
4173,43.432860000000005
4174,41.45506
4175,38.798359999999995
4176,38.535945
4177,36.894805000000005
4178,35.75354
4179,34.73643
4180,33.98003
4181,33.529135
4182,33.59873
4183,34.70605
4184,40.43485
4185,47.310805
4186,49.413845
4187,50.944005000000004
4188,44.86971
4189,43.375665000000005
4190,48.278935000000004
4191,49.220715
4192,49.722604999999994
4193,50.048415
4194,46.015935
4195,48.19415
4196,48.456255
4197,47.72202
4198,45.548764999999996
4199,42.629805
4200,40.667660000000005
4201,38.93569
4202,37.731185
4203,36.657965000000004
4204,35.859715
4205,35.383865
4206,35.45718
4207,36.625725
4208,42.671655
4209,49.927825000000006
4210,52.14727
4211,53.762060000000005
4212,47.351725
4213,45.77491
4214,50.949585
4215,51.943290000000005
4216,52.472925
4217,52.816715
4218,48.561189999999996
4219,50.859995
4220,51.13667
4221,50.36167
4222,48.068290000000005
4223,44.98782
4224,41.585415
4225,39.814385
4226,38.582755
4227,37.485200000000006
4228,36.66897
4229,36.182425
4230,36.257445
4231,37.45234
4232,43.63467
4233,51.054520000000004
4234,53.32418500000001
4235,54.97540000000001
4236,48.42045
4237,46.807985
4238,52.099374999999995
4239,53.11555499999999
4240,53.657125
4241,54.00882
4242,49.65719500000001
4243,52.00777000000001
4244,52.290645000000005
4245,51.498285
4246,49.153135
4247,46.00307
4248,40.4457
4249,38.723185
4250,37.525345
4251,36.457860000000004
4252,35.66395
4253,35.190735000000004
4254,35.263740000000006
4255,36.42593
4256,42.43869
4257,49.655335
4258,51.86269
4259,53.468645
4260,47.09334
4261,45.525205
4262,50.671515
4263,51.659794999999995
4264,52.18664
4265,52.52857
4266,48.29614
4267,50.582390000000004
4268,50.85751500000001
4269,50.08685500000001
4270,47.80603
4271,44.7423
4272,39.71906
4273,38.027544999999996
4274,36.851095
4275,35.80283
4276,35.02318
4277,34.55849
4278,34.630255
4279,35.771519999999995
4280,41.676245
4281,48.763155000000005
4282,50.93083000000001
4283,52.508109999999995
4284,46.247195
4285,44.70727
4286,49.7612
4287,50.73181000000001
4288,51.249044999999995
4289,51.58477500000001
4290,47.428605000000005
4291,49.673625
4292,49.94379000000001
4293,49.18708
4294,46.947175
4295,43.93847
4296,38.991025
4297,37.33051
4298,36.175760000000004
4299,35.146715
4300,34.381325000000004
4301,33.92516
4302,33.99553
4303,35.11587
4304,40.912405
4305,47.86942500000001
4306,49.99742
4307,51.545715
4308,45.399655
4309,43.88794000000001
4310,48.84918
4311,49.801964999999996
4312,50.30974500000001
4313,50.639430000000004
4314,46.55921
4315,48.763310000000004
4316,49.028515
4317,48.2856
4318,46.086615
4319,43.13309
4320,38.26175
4321,36.632235
4322,35.49903
4323,34.489360000000005
4324,33.73823
4325,33.29059
4326,33.359565
4327,34.458980000000004
4328,40.14717
4329,46.974145
4330,49.062305
4331,50.58146000000001
4332,44.55041
4333,43.066905
4334,47.935455000000005
4335,48.870415
4336,49.36874
4337,49.692225
4338,45.68842
4339,47.851135
4340,48.111380000000004
4341,47.382415
4342,45.22466
4343,42.326315
4344,40.882335
4345,39.141375000000004
4346,37.930515
4347,36.851560000000006
4348,36.048970000000004
4349,35.57064
4350,35.644420000000004
4351,36.819165000000005
4352,42.89687
4353,50.19148
4354,52.42255
4355,54.046020000000006
4356,47.60174
4357,46.016709999999996
4358,51.218665
4359,52.21764
4360,52.750065
4361,53.095715
4362,48.817715
4363,51.128609999999995
4364,51.40668
4365,50.627649999999996
4366,48.32218
4367,45.225435000000004
4368,41.10011
4369,39.349695000000004
4370,38.13248
4371,37.047790000000006
4372,36.241015
4373,35.76005000000001
4374,35.834295000000004
4375,37.01524
4376,43.12534
4377,50.45870000000001
4378,52.701705000000004
4379,54.33370000000001
4380,47.855320000000006
4381,46.261765
4382,51.49131
4383,52.49571
4384,53.030925
4385,53.378435
4386,49.07765
4387,51.40079
4388,51.68041
4389,50.89735000000001
4390,48.579480000000004
4391,45.46615
4392,39.891265000000004
4393,38.192465
4394,37.0109
4395,35.95814
4396,35.17508
4397,34.708375
4398,34.780295
4399,35.926520000000004
4400,41.856975
4401,48.974575
4402,51.151705
4403,52.73565000000001
4404,46.447765000000004
4405,44.901175
4406,49.976960000000005
4407,50.951755000000006
4408,51.471315
4409,51.80844
4410,47.634135
4411,49.889075000000005
4412,50.16048000000001
4413,49.400360000000006
4414,47.15069
4415,44.128965
4416,39.96055
4417,38.258805
4418,37.075225
4419,36.020605
4420,35.236305
4421,34.76867
4422,34.840900000000005
4423,35.988985
4424,41.929825
4425,49.059825
4426,51.240675
4427,52.82741
4428,46.52852
4429,44.97914
4430,50.06376
4431,51.040414999999996
4432,51.560750000000006
4433,51.898649999999996
4434,47.717060000000004
4435,49.975875
4436,50.24759
4437,49.48623
4438,47.232685000000004
4439,44.205690000000004
4440,41.370585
4441,39.608855
4442,38.383425
4443,37.291605000000004
4444,36.47956
4445,35.995495
4446,36.070205
4447,37.258900000000004
4448,43.4093
4449,50.790865000000004
4450,53.048750000000005
4451,54.69144
4452,48.170280000000005
4453,46.566340000000004
4454,51.830295
4455,52.84136
4456,53.380140000000004
4457,53.729820000000004
4458,49.400670000000005
4459,51.739155
4460,52.020635000000006
4461,51.232305000000004
4462,48.899245
4463,45.76561
4464,42.641895
4465,40.825915
4466,39.562975
4467,38.437675
4468,37.600675
4469,37.101729999999996
4470,37.17861
4471,38.403885
4472,44.74323
4473,52.351715000000006
4474,54.678885
4475,56.372105000000005
4476,49.650684999999996
4477,47.9973
4478,53.423075000000004
4479,54.465140000000005
4480,55.02050500000001
4481,55.381035000000004
4482,50.918895000000006
4483,53.329145000000004
4484,53.619305000000004
4485,52.806795
4486,50.401970000000006
4487,47.171925
4488,39.16168
4489,37.49388
4490,36.334015
4491,35.300475
4492,34.53183
4493,34.073495
4494,34.144330000000004
4495,35.269475
4496,41.09143
4497,48.078985
4498,50.21628
4499,51.77124
4500,45.59821
4501,44.079985
4502,49.062925
4503,50.019895
4504,50.529845
4505,50.860924999999995
4506,46.763035
4507,48.97659
4508,49.243035
4509,48.496865
4510,46.288425
4511,43.32188
4512,40.820335
4513,39.081855
4514,37.872855
4515,36.795605
4516,35.994255
4517,35.5167
4518,35.59048
4519,36.763365
4520,42.831770000000006
4521,50.11522
4522,52.343035
4523,53.964025
4524,47.52951
4525,45.946805000000005
4526,51.14085500000001
4527,52.13843500000001
4528,52.670085
4529,53.015115
4530,48.743625
4531,51.05095500000001
4532,51.328714999999995
4533,50.55092500000001
4534,48.248865
4535,45.15677
4536,38.935224999999996
4537,37.277035000000005
4538,36.12383500000001
4539,35.096340000000005
4540,34.332035
4541,33.87649
4542,33.94686
4543,35.065495000000006
4544,40.853815
4545,47.800915
4546,49.925810000000006
4547,51.47178
4548,45.334555
4549,43.82501
4550,48.779120000000006
4551,49.730665
4552,50.23767
4553,50.56689000000001
4554,46.492560000000005
4555,48.693405
4556,48.9583
4557,48.216315
4558,46.02074
4559,43.071400000000004
4560,37.04655
4561,35.468959999999996
4562,34.371715
4563,33.393975
4564,32.666714999999996
4565,32.233335000000004
4566,32.30014
4567,33.36468
4568,38.87214
4569,45.48227
4570,47.504090000000005
4571,48.97519500000001
4572,43.13557
4573,41.699185
4574,46.413045
4575,47.3184
4576,47.800915
4577,48.114015
4578,44.237465
4579,46.331515
4580,46.583545
4581,45.877675
4582,43.78843
4583,40.982155000000006
4584,35.15462
4585,33.657475000000005
4586,32.61634
4587,31.688509999999997
4588,30.99845
4589,30.58708
4590,30.65063
4591,31.660765
4592,36.8869
4593,43.159440000000004
4594,45.07803
4595,46.47396
4596,40.93271
4597,39.56964
4598,44.042785
4599,44.90179500000001
4600,45.359665
4601,45.656800000000004
4602,41.978184999999996
4603,43.965285
4604,44.20445
4605,43.534695
4606,41.55209
4607,38.88919
4608,37.98554
4609,36.367960000000004
4610,35.242815
4611,34.240429999999996
4612,33.494725
4613,33.050340000000006
4614,33.11885
4615,34.21036
4616,39.857475
4617,46.63516
4618,48.708130000000004
4619,50.21659
4620,44.22894
4621,42.75613
4622,47.589495
4623,48.51779
4624,49.012395
4625,49.333555
4626,45.358735
4627,47.505795000000006
4628,47.76418
4629,47.040485000000004
4630,44.89823
4631,42.020965
4632,39.31296
4633,37.638650000000005
4634,36.47429
4635,35.436875
4636,34.66513
4637,34.20509
4638,34.27608
4639,35.40572
4640,41.25015
4641,48.264675000000004
4642,50.410185000000006
4643,51.97119000000001
4644,45.774445
4645,44.250175000000006
4646,49.252335
4647,50.213025
4648,50.725145000000005
4649,51.057465
4650,46.94361
4651,49.165845
4652,49.43322
4653,48.684105
4654,46.46714
4655,43.48928
4656,40.80189
4657,39.06434
4658,37.855805000000004
4659,36.77902
4660,35.978135
4661,35.500735
4662,35.57436
4663,36.74678
4664,42.81255
4665,50.092745
4666,52.319475000000004
4667,53.93953500000001
4668,47.508120000000005
4669,45.92619
4670,51.11776
4671,52.114875000000005
4672,52.646215
4673,52.991245
4674,48.721615
4675,51.028015
4676,51.305465
4677,50.527985
4678,48.227165
4679,45.136465
4680,41.473505
4681,39.70728
4682,38.478905
4683,37.384295
4684,36.570235
4685,36.08493
4686,36.159795
4687,37.351435
4688,43.51718
4689,50.917190000000005
4690,53.1805
4691,54.827375
4692,48.290095
4693,46.68197
4694,51.9591
4695,52.972645
4696,53.512820000000005
4697,53.86343
4698,49.523585000000004
4699,51.867805
4700,52.149905000000004
4701,51.359715
4702,49.020920000000004
4703,45.879225
4704,39.89173
4705,38.192775
4706,37.011365
4707,35.958605000000006
4708,35.175545
4709,34.708685
4710,34.78076
4711,35.926985
4712,41.85744
4713,48.97519500000001
4714,51.152325000000005
4715,52.736270000000005
4716,46.448385
4717,44.90164
4718,49.97758
4719,50.952375
4720,51.47193500000001
4721,51.809059999999995
4722,47.634755
4723,49.889695
4724,50.160945
4725,49.400825000000005
4726,47.15131
4727,44.129585000000006
4728,39.89173
4729,38.192775
4730,37.011365
4731,35.958605000000006
4732,35.175545
4733,34.708685
4734,34.78076
4735,35.926985
4736,41.85744
4737,48.97519500000001
4738,51.152325000000005
4739,52.736270000000005
4740,46.448385
4741,44.90164
4742,49.97758
4743,50.952375
4744,51.47193500000001
4745,51.809059999999995
4746,47.634755
4747,49.889695
4748,50.160945
4749,49.400825000000005
4750,47.15131
4751,44.129585000000006
4752,38.20409
4753,36.577055
4754,35.445555
4755,34.43728
4756,33.68739
4757,33.24037
4758,33.309345
4759,34.407055
4760,40.08672
4761,46.903310000000005
4762,48.98837
4763,50.505355
4764,44.483295
4765,43.002115
4766,47.863225
4767,48.79679
4768,49.294340000000005
4769,49.617360000000005
4770,45.6196
4771,47.77906
4772,48.038995
4773,47.31096
4774,45.156615
4775,42.26261
4776,40.165925
4777,38.455345
4778,37.26572
4779,36.205675
4780,35.41719
4781,34.947230000000005
4782,35.01977
4783,36.1739
4784,42.14512
4785,49.311855
4786,51.503865
4787,53.098815
4788,46.76753
4789,45.210245
4790,50.32106
4791,51.30252
4792,51.825644999999994
4793,52.16525
4794,47.962115000000004
4795,50.232555
4796,50.50582000000001
4797,49.74043
4798,47.475260000000006
4799,44.432765
4800,41.34253
4801,39.581885
4802,38.357385
4803,37.26634
4804,36.45476
4805,35.971005000000005
4806,36.045715
4807,37.233635
4808,43.37985
4809,50.756455
4810,53.01279
4811,54.654395
4812,48.137575
4813,46.53472
4814,51.79511000000001
4815,52.8054
4816,53.343869999999995
4817,53.693395
4818,49.36719
4819,51.704125000000005
4820,51.985295
4821,51.197585000000004
4822,48.866075
4823,45.734455000000004
4824,42.786045
4825,40.963865
4826,39.696740000000005
4827,38.567565
4828,37.72762
4829,37.22697
4830,37.304315
4831,38.53362
4832,44.894355
4833,52.52857
4834,54.863645
4835,56.562599999999996
4836,49.818395
4837,48.15943
4838,53.60365
4839,54.649125000000005
4840,55.20635
4841,55.56812
4842,51.090945000000005
4843,53.509409999999995
4844,53.8005
4845,52.9852
4846,50.572314999999996
4847,47.331265
4848,41.639665
4849,39.86631
4850,38.63313
4851,37.53418
4852,36.71671
4853,36.229545
4854,36.30472
4855,37.501165
4856,43.691555
4857,51.12117
4858,53.393625
4859,55.047165
4860,48.483534999999996
4861,46.869055
4862,52.16742
4863,53.184995
4864,53.727185000000006
4865,54.079190000000004
4866,49.721985
4867,52.075660000000006
4868,52.358844999999995
4869,51.565554999999996
4870,49.217305
4871,46.06321
4872,40.493285
4873,38.768755
4874,37.56952
4875,36.500795000000004
4876,35.705955
4877,35.23212
4878,35.30528
4879,36.46871
4880,42.4886
4881,49.713770000000004
4882,51.923605
4883,53.531575
4884,47.148675000000004
4885,45.57868
4886,50.73119
4887,51.720710000000004
4888,52.24802
4889,52.590415
4890,48.353025
4891,50.641909999999996
4892,50.917345
4893,50.145755
4894,47.862295
4895,44.795
4896,39.34690500000001
4897,37.6712
4898,36.505755
4899,35.46741
4900,34.695045
4901,34.234695
4902,34.305685000000004
4903,35.436255
4904,41.2858
4905,48.306215
4906,50.45374
4907,52.01598500000001
4908,45.813970000000005
4909,44.288305
4910,49.294805000000004
4911,50.256425
4912,50.768855
4913,51.101485
4914,46.984065
4915,49.20816
4916,49.475845
4917,48.72611
4918,46.507285
4919,43.526790000000005
4920,38.20037
4921,36.573645
4922,35.442145000000004
4923,34.434025
4924,33.684135
4925,33.23727
4926,33.306245000000004
4927,34.403800000000004
4928,40.082845
4929,46.898815
4930,48.98372
4931,50.500550000000004
4932,44.479110000000006
4933,42.997930000000004
4934,47.858575
4935,48.79214
4936,49.28969
4937,49.612555
4938,45.615260000000006
4939,47.774564999999996
4940,48.034345
4941,47.306465
4942,45.152275
4943,42.25858
4944,41.763664999999996
4945,39.985040000000005
4946,38.74814
4947,37.645935
4948,36.82614
4949,36.337425
4950,36.412910000000004
4951,37.612765
4952,43.8216
4953,51.27338
4954,53.552655
4955,55.211
4956,48.627840000000006
4957,47.00871
4958,52.32273
4959,53.34325
4960,53.887145000000004
4961,54.240235
4962,49.87001
4963,52.23066000000001
4964,52.514775
4965,51.719005
4966,49.36378
4967,46.20023
4968,41.661365
4969,39.887235
4970,38.65328
4971,37.553865
4972,36.73593
4973,36.248455
4974,36.323785
4975,37.52085
4976,43.71434
4977,51.147985
4978,53.42168
4979,55.07584000000001
4980,48.508955
4981,46.8937
4982,52.1947
4983,53.212740000000004
4984,53.755395
4985,54.107555
4986,49.748025000000005
4987,52.102940000000004
4988,52.386280000000006
4989,51.592525
4990,49.243035
4991,46.087235
4992,41.55953
4993,39.789585
4994,38.558730000000004
4995,37.46195
4996,36.646185
4997,36.159795
4998,36.234970000000004
4999,37.42909
5000,43.60739
5001,51.02274500000001
5002,53.29086
5003,54.941145000000006
5004,48.390225
5005,46.778845000000004
5006,52.06698
5007,53.08254
5008,53.623799999999996
5009,53.975184999999996
5010,49.62635000000001
5011,51.975375
5012,52.258095000000004
5013,51.4662
5014,49.1226
5015,45.97455
5016,41.45785
5017,39.692245
5018,38.464335
5019,37.370345
5020,36.55644
5021,36.071445
5022,36.14631
5023,37.337485
5024,43.500750000000004
5025,50.89797000000001
5026,53.160505
5027,54.806760000000004
5028,48.271805
5029,46.664455000000004
5030,51.93957
5031,52.95265
5032,53.492670000000004
5033,53.843125
5034,49.504830000000005
5035,51.848275
5036,52.130219999999994
5037,51.34034
5038,49.002320000000005
5039,45.86202
5040,41.356325
5041,39.595215
5042,38.37025
5043,37.278895
5044,36.467005
5045,35.983095
5046,36.057805
5047,37.246035
5048,43.394265000000004
5049,50.77335
5050,53.030460000000005
5051,54.672685
5052,48.153695
5053,46.55022
5054,51.81247
5055,52.82307
5056,53.361695000000005
5057,53.711375000000004
5058,49.383775
5059,51.721484999999994
5060,52.00281
5061,51.21479000000001
5062,48.882505
5063,45.7498
5064,41.255265
5065,39.498340000000006
5066,38.276475000000005
5067,37.1876
5068,36.377725
5069,35.895055
5070,35.96961
5071,37.154895
5072,43.288090000000004
5073,50.649195000000006
5074,52.900725
5075,54.53892
5076,48.035895000000004
5077,46.43645
5078,51.68568
5079,52.693955
5080,53.231185
5081,53.579935000000006
5082,49.262875
5083,51.59485
5084,51.875555
5085,51.089395
5086,48.762845000000006
5087,45.63789
5088,41.150485
5089,39.398055
5090,38.17929
5091,37.093205000000005
5092,36.2855
5093,35.80407
5094,35.878315
5095,37.060655000000004
5096,43.17835
5097,50.520700000000005
5098,52.766495000000006
5099,54.400504999999995
5100,47.914065
5101,46.318495
5102,51.554550000000006
5103,52.56019
5104,53.096180000000004
5105,53.443999999999996
5106,49.137945
5107,51.464029999999994
5108,51.74396000000001
5109,50.959815
5110,48.639155
5111,45.522105
5112,42.854865
5113,41.029740000000004
5114,39.760445000000004
5115,38.629565
5116,37.788225000000004
5117,37.2868
5118,37.36430000000001
5119,38.595620000000004
5120,44.966585
5121,52.613045
5122,54.951840000000004
5123,56.653585
5124,49.89853
5125,48.23693
5126,53.68982999999999
5127,54.73701
5128,55.295165000000004
5129,55.6574
5130,51.172940000000004
5131,53.595435
5132,53.886835000000005
5133,53.070295
5134,50.653535
5135,47.40737
5136,40.838935
5137,39.09968
5138,37.890215
5139,36.812345
5140,36.010685
5141,35.53282
5142,35.6066
5143,36.780105
5144,42.851455
5145,50.138160000000006
5146,52.366905
5147,53.988515
5148,47.551210000000005
5149,45.967885
5150,51.16426
5151,52.16215
5152,52.69411
5153,53.039294999999996
5154,48.76579
5155,51.07436
5156,51.352120000000006
5157,50.573865000000005
5158,48.270875
5159,45.177385
5160,38.823005
5161,37.169775
5162,36.019830000000006
5163,34.99528
5164,34.233145
5165,33.778995
5166,33.849055
5167,34.96459
5168,40.73617
5169,47.663275
5170,49.78197000000001
5171,51.323600000000006
5172,45.204045
5173,43.69884
5174,48.638690000000004
5175,49.587445
5176,50.09305500000001
5177,50.42119
5178,46.35864
5179,48.55313
5180,48.81725
5181,48.07759
5182,45.888215
5183,42.9474
5184,36.807230000000004
5185,35.239715
5186,34.1496
5187,33.178215
5188,32.455605
5189,32.025015
5190,32.09151
5191,33.149075
5192,38.620885
5193,45.188390000000005
5194,47.19719
5195,48.658685000000006
5196,42.856880000000004
5197,41.429795
5198,46.11312
5199,47.012585
5200,47.492000000000004
5201,47.803084999999996
5202,43.95149
5203,46.032055
5204,46.28238
5205,45.581160000000004
5206,43.5054
5207,40.71726
5208,39.73549
5209,38.0432
5210,36.866440000000004
5211,35.81771
5212,35.03775
5213,34.57275
5214,34.644515
5215,35.786245
5216,41.693450000000006
5217,48.78346
5218,50.95191
5219,52.529810000000005
5220,46.266415
5221,44.725715
5222,49.781815
5223,50.752734999999994
5224,51.27028
5225,51.606165000000004
5226,47.448135
5227,49.69424
5228,49.96456
5229,49.207385
5230,46.96655
5231,43.956605
5232,41.086935000000004
5233,39.33714
5234,38.120235
5235,37.035855000000005
5236,36.22939
5237,35.748580000000004
5238,35.822825
5239,37.003305000000005
5240,43.111545
5241,50.44258
5242,52.684965
5243,54.316340000000004
5244,47.839975
5245,46.246885
5246,51.474880000000006
5247,52.47897
5248,53.01403
5249,53.361385
5250,49.061995
5251,51.38436000000001
5252,51.663824999999996
5253,50.88092
5254,48.56398
5255,45.451735
5256,42.604695
5257,40.790265
5258,39.52841
5259,38.40404
5260,37.567660000000004
5261,37.06918
5262,37.146215
5263,38.37025
5264,44.704170000000005
5265,52.30599000000001
5266,54.631145
5267,56.322815
5268,49.607130000000005
5269,47.955295
5270,53.37642
5271,54.417555
5272,54.972300000000004
5273,55.33252
5274,50.874255
5275,53.282489999999996
5276,53.572340000000004
5277,52.760605
5278,50.357949999999995
5279,47.130695
5280,43.266855
5281,41.42437
5282,40.14283
5283,39.000945
5284,38.151700000000005
5285,37.64547
5286,37.72359
5287,38.96669
5288,45.399035
5289,53.118965
5290,55.480235
5291,57.198254999999996
5292,50.378255
5293,48.70069
5294,54.205980000000004
5295,55.263389999999994
5296,55.826814999999996
5297,56.192615
5298,51.665065
5299,54.11081000000001
5300,54.405155
5301,53.580709999999996
5302,51.1407
5303,47.863225
5304,41.57937
5305,39.80865
5306,38.577175000000004
5307,37.479775
5308,36.663545
5309,36.177
5310,36.252175
5311,37.446915000000004
5312,43.62816
5313,51.04708
5314,53.31628
5315,54.96734000000001
5316,48.413320000000006
5317,46.801165
5318,52.09178
5319,53.107805000000006
5320,53.649375
5321,54.000915000000006
5322,49.649910000000006
5323,52.000175
5324,52.28305
5325,51.49084500000001
5326,49.146005
5327,45.996405
5328,39.89173
5329,38.192775
5330,37.011365
5331,35.958605000000006
5332,35.175545
5333,34.708685
5334,34.78076
5335,35.926985
5336,41.85744
5337,48.97519500000001
5338,51.152325000000005
5339,52.736270000000005
5340,46.448385
5341,44.90164
5342,49.97758
5343,50.952375
5344,51.47193500000001
5345,51.809059999999995
5346,47.634755
5347,49.889695
5348,50.160945
5349,49.400825000000005
5350,47.15131
5351,44.129585000000006
5352,38.20409
5353,36.577055
5354,35.445555
5355,34.43728
5356,33.68739
5357,33.24037
5358,33.309345
5359,34.407055
5360,40.08672
5361,46.903310000000005
5362,48.98837
5363,50.505355
5364,44.483295
5365,43.002115
5366,47.863225
5367,48.79679
5368,49.294340000000005
5369,49.617360000000005
5370,45.6196
5371,47.77906
5372,48.038995
5373,47.31096
5374,45.156615
5375,42.26261
5376,40.165925
5377,38.455345
5378,37.26572
5379,36.205675
5380,35.41719
5381,34.947230000000005
5382,35.01977
5383,36.1739
5384,42.14512
5385,49.311855
5386,51.503865
5387,53.098815
5388,46.76753
5389,45.210245
5390,50.32106
5391,51.30252
5392,51.825644999999994
5393,52.16525
5394,47.962115000000004
5395,50.232555
5396,50.50582000000001
5397,49.74043
5398,47.475260000000006
5399,44.432765
5400,41.34253
5401,39.581885
5402,38.357385
5403,37.26634
5404,36.45476
5405,35.971005000000005
5406,36.045715
5407,37.233635
5408,43.37985
5409,50.756455
5410,53.01279
5411,54.654395
5412,48.137575
5413,46.53472
5414,51.79511000000001
5415,52.8054
5416,53.343869999999995
5417,53.693395
5418,49.36719
5419,51.704125000000005
5420,51.985295
5421,51.197585000000004
5422,48.866075
5423,45.734455000000004
5424,42.786045
5425,40.963865
5426,39.696740000000005
5427,38.567565
5428,37.72762
5429,37.22697
5430,37.304315
5431,38.53362
5432,44.894355
5433,52.52857
5434,54.863645
5435,56.562599999999996
5436,49.818395
5437,48.15943
5438,53.60365
5439,54.649125000000005
5440,55.20635
5441,55.56812
5442,51.090945000000005
5443,53.509409999999995
5444,53.8005
5445,52.9852
5446,50.572314999999996
5447,47.331265
5448,41.639665
5449,39.86631
5450,38.63313
5451,37.53418
5452,36.71671
5453,36.229545
5454,36.30472
5455,37.501165
5456,43.691555
5457,51.12117
5458,53.393625
5459,55.047165
5460,48.483534999999996
5461,46.869055
5462,52.16742
5463,53.184995
5464,53.727185000000006
5465,54.079190000000004
5466,49.721985
5467,52.075660000000006
5468,52.358844999999995
5469,51.565554999999996
5470,49.217305
5471,46.06321
5472,39.726965
5473,38.03514
5474,36.858534999999996
5475,35.810115
5476,35.030155
5477,34.565310000000004
5478,34.637074999999996
5479,35.77865
5480,41.684615
5481,48.77292
5482,50.94106000000001
5483,52.518495
5484,46.256495
5485,44.71626
5486,49.771119999999996
5487,50.741885
5488,51.259275
5489,51.59516
5490,47.43806
5491,49.683545
5492,49.953865
5493,49.196844999999996
5494,46.956475
5495,43.947305
5496,39.191595
5497,37.522555000000004
5498,36.361914999999996
5499,35.327600000000004
5500,34.55818
5501,34.09969
5502,34.170370000000005
5503,35.296445
5504,41.122895
5505,48.11572
5506,50.254720000000006
5507,51.81092
5508,45.63324
5509,44.113620000000004
5510,49.100435000000004
5511,50.05818
5512,50.568594999999995
5513,50.89998500000001
5514,46.79884
5515,49.0141
5516,49.2807
5517,48.533910000000006
5518,46.323765
5519,43.35505
5520,38.65638
5521,37.010125
5522,35.865295
5523,34.845085
5524,34.086205
5525,33.633915
5526,33.703665
5527,34.814395
5528,40.561330000000005
5529,47.458675
5530,49.568380000000005
5531,51.103345000000004
5532,45.009985
5533,43.511135
5534,48.429905000000005
5535,49.374475000000004
5536,49.877915
5537,50.20481
5538,46.159620000000004
5539,48.344655
5540,48.60769
5541,47.87113
5542,45.691210000000005
5543,42.76295
5544,40.320150000000005
5545,38.60306
5546,37.408785
5547,36.34471
5548,35.55328
5549,35.08146
5550,35.15431
5551,36.312780000000004
5552,42.30694
5553,49.50111
5554,51.701645
5555,53.302640000000004
5556,46.947175
5557,45.383845
5558,50.51419
5559,51.499525
5560,52.024665000000006
5561,52.36551
5562,48.146255000000004
5563,50.425375
5564,50.699725
5565,49.93139
5566,47.657695000000004
5567,44.60342
5568,40.843585
5569,39.104175000000005
5570,37.894555000000004
5571,36.816685
5572,36.01487
5573,35.537005
5574,35.610785
5575,36.78429
5576,42.85626
5577,50.14389500000001
5578,52.37295
5579,53.99487
5580,47.55679
5581,45.973155
5582,51.17015
5583,52.168195000000004
5584,52.70015500000001
5585,53.045495
5586,48.771525
5587,51.08025
5588,51.35801
5589,50.579755000000006
5590,48.276455000000006
5591,45.182655
5592,40.051225
5593,38.345605
5594,37.15939
5595,36.102289999999996
5596,35.31613
5597,34.847564999999996
5598,34.919795
5599,36.07067
5600,42.024840000000005
5601,49.171115
5602,51.356925
5603,52.947225
5604,46.634075
5605,45.08113
5606,50.177375000000005
5607,51.156045000000006
5608,51.677620000000005
5609,52.01629500000001
5610,47.825250000000004
5611,50.089180000000006
5612,50.361515000000004
5613,49.59845
5614,47.33979
5615,44.305975
5616,39.84678
5617,38.149840000000005
5618,36.96967
5619,35.91815
5620,35.135864999999995
5621,34.669625
5622,34.7417
5623,35.88653
5624,41.81032
5625,48.92017
5626,51.09482
5627,52.67706
5628,46.39615
5629,44.85111
5630,49.92131499999999
5631,50.895025000000004
5632,51.413965
5633,51.75078
5634,47.58112500000001
5635,49.833585
5636,50.104524999999995
5637,49.345335
5638,47.098145
5639,44.07983
5640,39.595215
5641,37.908970000000004
5642,36.73624
5643,35.69123
5644,34.914060000000006
5645,34.450765
5646,34.522220000000004
5647,35.65992
5648,41.546355
5649,48.6111
5650,50.77211
5651,52.344274999999996
5652,46.103045
5653,44.567925
5654,49.606045
5655,50.573555000000006
5656,51.08924
5657,51.424040000000005
5658,47.28058
5659,49.51878000000001
5660,49.78817
5661,49.03363
5662,46.8007
5663,43.80145
5664,39.343495
5665,37.667945
5666,36.502655000000004
5667,35.464465
5668,34.6921
5669,34.231750000000005
5670,34.30274
5671,35.43331
5672,41.282235
5673,48.302185
5674,50.449400000000004
5675,52.011645
5676,45.809940000000005
5677,44.284585
5678,49.290620000000004
5679,50.252084999999994
5680,50.764515
5681,51.097145
5682,46.98019
5683,49.203975
5684,49.47166
5685,48.721925
5686,46.503254999999996
5687,43.523070000000004
5688,39.091775000000005
5689,37.427075
5690,36.269225
5691,35.237545
5692,34.47014
5693,34.012735
5694,34.083415
5695,35.206545
5696,41.018115
5697,47.99327
5698,50.126689999999996
5699,51.67886
5700,45.51699
5701,44.001245
5702,48.975350000000006
5703,49.930614999999996
5704,50.43979
5705,50.770250000000004
5706,46.679645
5707,48.889325
5708,49.155150000000006
5709,48.410375
5710,46.20581
5711,43.24469
5712,39.28769500000001
5713,37.614625
5714,36.45104
5715,35.414245
5716,34.642965000000004
5717,34.183234999999996
5718,34.254225
5719,35.38309
5720,41.223800000000004
5721,48.233830000000005
5722,50.377945
5723,51.937865
5724,45.74515
5725,44.221810000000005
5726,49.220870000000005
5727,50.18094
5728,50.692595000000004
5729,51.02475999999999
5730,46.913540000000005
5731,49.13438
5732,49.4016
5733,48.65295
5734,46.43738
5735,43.46138
5736,41.222405
5737,39.466875
5738,38.245940000000004
5739,37.157995
5740,36.348895
5741,35.866535000000006
5742,35.940935
5743,37.125445
5744,43.25368
5745,50.608895000000004
5746,52.858565
5747,54.495365
5748,47.99761
5749,46.399405
5750,51.644605
5751,52.65195000000001
5752,53.188715
5753,53.53731
5754,49.22366
5755,51.553775
5756,51.83417000000001
5757,51.048785
5758,48.724095
5759,45.601465000000005
5760,41.631605
5761,39.858715
5762,38.62569
5763,37.527049999999996
5764,36.709735
5765,36.22257
5766,36.297745
5767,37.494035
5768,43.683185
5769,51.111405
5770,53.383395
5771,55.036625
5772,48.47423500000001
5773,46.860065
5774,52.15734500000001
5775,53.174765
5776,53.716955000000006
5777,54.068805
5778,49.712375
5779,52.065740000000005
5780,52.348925
5781,51.555634999999995
5782,49.20785
5783,46.054375
5784,40.923255000000005
5785,39.180435
5786,37.96849
5787,36.88845
5788,36.085085
5789,35.60629
5790,35.680225
5791,36.856055
5792,42.939805
5793,50.2417
5794,52.475095
5795,54.100115
5796,47.64948
5797,46.062745
5798,51.269815
5799,52.269875
5800,52.80292000000001
5801,53.14888
5802,48.86654
5803,51.17976
5804,51.45814
5805,50.678335000000004
5806,48.370540000000005
5807,45.270695
5808,40.214905
5809,38.502155
5810,37.311135
5811,36.24985
5812,35.460435000000004
5813,34.989855000000006
5814,35.06255
5815,36.218075
5816,42.196580000000004
5817,49.371995000000005
5818,51.56664
5819,53.163605000000004
5820,46.82457
5821,45.265425
5822,50.382285
5823,51.365140000000004
5824,51.888885
5825,52.2288
5826,48.02055000000001
5827,50.293780000000005
5828,50.567355
5829,49.801035
5830,47.53323
5831,44.487015
5832,39.5064
5833,37.82403
5834,36.653935000000004
5835,35.611250000000005
5836,34.835785
5837,34.373575
5838,34.444875
5839,35.57994
5840,41.4532
5841,48.50229
5842,50.65834
5843,52.227095
5844,45.999815
5845,44.46795
5846,49.494910000000004
5847,50.46025
5848,50.974695
5849,51.30872000000001
5850,47.174715000000006
5851,49.4078
5852,49.67657
5853,48.923735
5854,46.69592
5855,43.703335
5856,38.798049999999996
5857,37.14575
5858,35.99658
5859,34.972805
5860,34.211135
5861,33.75714
5862,33.827200000000005
5863,34.94196
5864,40.70997500000001
5865,47.632585
5866,49.749885
5867,51.290585
5868,45.174905
5869,43.67063
5870,48.60738
5871,49.555515
5872,50.06066
5873,50.38864
5874,46.328880000000005
5875,48.521820000000005
5876,48.785785
5877,48.04659
5878,45.858610000000006
5879,42.919655000000006
5880,38.0897
5881,36.46747
5882,35.339380000000006
5883,34.334205
5884,33.586485
5885,33.14086
5886,33.209525
5887,34.303979999999996
5888,39.966595000000005
5889,46.76288
5890,48.841585
5891,50.354075
5892,44.349995
5893,42.873310000000004
5894,47.71985
5895,48.650625
5896,49.146625
5897,49.468714999999996
5898,45.482890000000005
5899,47.635995
5900,47.894999999999996
5901,47.16929
5902,45.021300000000004
5903,42.135975
5904,38.75434
5905,37.103899999999996
5906,35.956125
5907,34.93328
5908,34.172540000000005
5909,33.719165000000004
5910,33.789069999999995
5911,34.902590000000004
5912,40.663940000000004
5913,47.5788
5914,49.69393
5915,51.23277000000001
5916,45.12391
5917,43.621340000000004
5918,48.552510000000005
5919,49.499559999999995
5920,50.00424000000001
5921,50.33191
5922,46.276645
5923,48.467105000000004
5924,48.730760000000004
5925,47.992340000000006
5926,45.80684
5927,42.871294999999996
5928,38.422175
5929,36.785995
5930,35.647985
5931,34.633975
5932,33.879745
5933,33.430245000000006
5934,33.49953
5935,34.603595
5936,40.3155
5937,47.171150000000004
5938,49.26799
5939,50.793655
5940,44.73734
5941,43.247635
5942,48.13649
5943,49.07548
5944,49.57582
5945,49.90070000000001
5946,45.88
5947,48.051860000000005
5948,48.31319
5949,47.58112500000001
5950,45.41438
5951,42.503945
5952,39.181520000000006
5953,37.512945
5954,36.35246
5955,35.318455
5956,34.549345
5957,34.090855
5958,34.16169
5959,35.287455
5960,41.112355
5961,48.103475
5962,50.241855
5963,51.79759
5964,45.62146
5965,44.102305
5966,49.08788
5967,50.045315
5968,50.555575000000005
5969,50.88681
5970,46.78675
5971,49.001545
5972,49.268145000000004
5973,48.521510000000006
5974,46.311985
5975,43.34389
5976,38.620885
5977,36.97618
5978,35.83228
5979,34.813
5980,34.054895
5981,33.60307
5982,33.67282
5983,34.782465
5984,40.523975
5985,47.414965
5986,49.52281
5987,51.05638
5988,44.9686
5989,43.4713
5990,48.38542
5991,49.329215
5992,49.83219
5993,50.15862
5994,46.117305
5995,48.300325
5996,48.563050000000004
5997,47.827110000000005
5998,45.649205
5999,42.723735000000005
6000,38.06025
6001,36.43926
6002,35.3121
6003,34.307545000000005
6004,33.560445
6005,33.11513
6006,33.183949999999996
6007,34.277475
6008,39.93575
6009,46.72661
6010,48.803765
6011,50.315015
6012,44.315740000000005
6013,42.84014
6014,47.68296
6015,48.61296
6016,49.108650000000004
6017,49.43043
6018,45.447705000000006
6019,47.599105
6020,47.857955000000004
6021,47.13271
6022,44.986425
6023,42.103425
6024,37.49946
6025,35.902495
6026,34.791765000000005
6027,33.802245
6028,33.06615
6029,32.627345000000005
6030,32.69508
6031,33.772484999999996
6032,39.347370000000005
6033,46.03825500000001
6034,48.084875000000004
6035,49.573805
6036,43.66288
6037,42.208980000000004
6038,46.9805
6039,47.896860000000004
6040,48.385110000000005
6041,48.70224
6042,44.778105
6043,46.897885
6044,47.15286
6045,46.438465
6046,44.323645
6047,41.483115000000005
6048,39.733165
6049,38.041185
6050,36.864270000000005
6051,35.815695
6052,35.035735
6053,34.57089
6054,34.642655000000005
6055,35.78423
6056,41.691125
6057,48.78067
6058,50.94911999999999
6059,52.526865
6060,46.263780000000004
6061,44.723235
6062,49.779025
6063,50.749945000000004
6064,51.267334999999996
6065,51.60322
6066,47.4455
6067,49.691449999999996
6068,49.96177000000001
6069,49.204595000000005
6070,46.963915
6071,43.954125000000005
6072,40.634800000000006
6073,38.904225
6074,37.700805
6075,36.62836
6076,35.830729999999996
6077,35.35519
6078,35.42866
6079,36.59612
6080,42.63709
6081,49.887525
6082,52.10511
6083,53.71866000000001
6084,47.31344
6085,45.738020000000006
6086,50.908355
6087,51.90144
6088,52.43061
6089,52.77409000000001
6090,48.521975000000005
6091,50.818920000000006
6092,51.095285000000004
6093,50.32106
6094,48.02954
6095,44.951550000000005
6096,40.489255
6097,38.76488
6098,37.565645
6099,36.497075
6100,35.70239
6101,35.228555
6102,35.301715
6103,36.46499
6104,42.484415000000006
6105,49.70881
6106,51.918490000000006
6107,53.52615
6108,47.144025000000006
6109,45.574185
6110,50.726075
6111,51.71544000000001
6112,52.24275
6113,52.585145
6114,48.34822
6115,50.636795
6116,50.91223000000001
6117,50.140795000000004
6118,47.857490000000006
6119,44.790504999999996
6120,37.662985
6121,36.059045
6122,34.94351
6123,33.94965
6124,33.2103
6125,32.769635
6126,32.83768
6127,33.919735
6128,39.518955
6129,46.238980000000005
6130,48.29459000000001
6131,49.79003
6132,43.853375
6133,42.39312
6134,47.18541
6135,48.1058
6136,48.59622
6137,48.914590000000004
6138,44.973405
6139,47.10233
6140,47.358545
6141,46.640895
6142,44.51693
6143,41.664
6144,36.2545
6145,34.710544999999996
6146,33.636705
6147,32.680045
6148,31.968285
6149,31.54405
6150,31.609615
6151,32.651215
6152,38.04103
6153,44.509800000000006
6154,46.488375
6155,47.928015
6156,42.21332
6157,40.807625
6158,45.420735
6159,46.306715
6160,46.778845000000004
6161,47.085280000000004
6162,43.2915
6163,45.34091
6164,45.587515
6165,44.896679999999996
6166,42.85223
6167,40.105940000000004
6168,34.846015
6169,33.362045
6170,32.3299
6171,31.410285000000002
6172,30.72627
6173,30.318620000000003
6174,30.38155
6175,31.382695000000002
6176,36.563105
6177,42.78062
6178,44.682315
6179,46.066
6180,40.573265000000006
6181,39.222285
6182,43.65606
6183,44.507630000000006
6184,44.961470000000006
6185,45.25597
6186,41.609595
6187,43.579335
6188,43.81633
6189,43.152465
6190,41.187375
6191,38.547725
6192,33.43753
6193,32.013545
6194,31.023095
6195,30.14068
6196,29.484254999999997
6197,29.093035
6198,29.153485000000003
6199,30.114175
6200,35.08518
6201,41.051285
6202,42.876255
6203,44.203985
6204,38.93321
6205,37.636790000000005
6206,41.89138500000001
6207,42.708545
6208,43.144095
6209,43.42666
6210,39.92769
6211,41.81776
6212,42.045300000000005
6213,41.408095
6214,39.52252
6215,36.989665
6216,35.52538
6217,34.012425
6218,32.960285000000006
6219,32.022690000000004
6220,31.325345000000002
6221,30.909635
6222,30.973805000000002
6223,31.994635000000002
6224,37.27595
6225,43.614675000000005
6226,45.553415
6227,46.96407
6228,41.36423
6229,39.9869
6230,44.507165
6231,45.37532
6232,45.837995
6233,46.13823
6234,42.420865000000006
6235,44.428889999999996
6236,44.670535
6237,43.99365
6238,41.990275
6239,39.29932
6240,36.576745
6241,35.018995000000004
6242,33.9357
6243,32.97036
6244,32.2524
6245,31.824445
6246,31.890475000000002
6247,32.941375
6248,38.379085
6249,44.90536
6250,46.901605
6251,48.353955000000006
6252,42.588420000000006
6253,41.170325
6254,45.824355000000004
6255,46.71824
6256,47.194555
6257,47.50378
6258,43.676365000000004
6259,45.743755
6260,45.992685
6261,45.29565
6262,43.233064999999996
6263,40.462285
6264,37.276415
6265,35.689060000000005
6266,34.584995
6267,33.60121
6268,32.869455
6269,32.433285000000005
6270,32.500555
6271,33.571605
6272,39.11332
6273,45.764525000000006
6274,47.7989
6275,49.278995
6276,43.403255
6277,41.958035
6278,46.701035
6279,47.61197000000001
6280,48.09743
6281,48.412545
6282,44.511970000000005
6283,46.61904
6284,46.872620000000005
6285,46.162255
6286,44.060145
6287,41.23651
6288,37.27409
6289,35.686735000000006
6290,34.58267
6291,33.59904
6292,32.867285
6293,32.431270000000005
6294,32.49854
6295,33.569435
6296,39.11084
6297,45.76158
6298,47.7958
6299,49.275895000000006
6300,43.400465
6301,41.955245000000005
6302,46.69809
6303,47.609025
6304,48.09433
6305,48.409445
6306,44.509025
6307,46.61594
6308,46.86952
6309,46.159310000000005
6310,44.057355
6311,41.233875
6312,37.555569999999996
6313,35.956125
6314,34.843845
6315,33.852775
6316,33.11544
6317,32.676015
6318,32.743905
6319,33.823015000000005
6320,39.406115
6321,46.107075
6322,48.15664
6323,49.647895000000005
6324,43.728135
6325,42.272065000000005
6326,47.050715000000004
6327,47.968469999999996
6328,48.457495
6329,48.774935
6330,44.845065000000005
6331,46.967945
6332,47.223385
6333,46.507905
6334,44.389985
6335,41.545115
6336,37.836895000000005
6337,36.22567
6338,35.105019999999996
6339,34.106355
6340,33.363749999999996
6341,32.920915
6342,32.989270000000005
6343,34.07644
6344,39.701545
6345,46.45257
6346,48.517635
6347,50.020050000000005
6348,44.05580500000001
6349,42.588885000000005
6350,47.40334
6351,48.327915000000004
6352,48.820660000000004
6353,49.14058000000001
6354,45.18126
6355,47.31995
6356,47.57725
6357,46.856345000000005
6358,44.722615000000005
6359,41.85651
6360,38.118375
6361,36.49506
6362,35.366040000000005
6363,34.36009
6364,33.611905
6365,33.165815
6366,33.234635000000004
6367,34.329865
6368,39.99682
6369,46.798065
6370,48.878475
6371,50.392050000000005
6372,44.38363
6373,42.905705000000005
6374,47.75581
6375,48.687360000000005
6376,49.183825
6377,49.50607
6378,45.5173
6379,47.671955000000004
6380,47.931270000000005
6381,47.20494
6382,45.055245000000006
6383,42.16775
6384,36.38315
6385,34.83377
6386,33.756209999999996
6387,32.795985
6388,32.081745000000005
6389,31.656115000000003
6390,31.721835
6391,32.767155
6392,38.176035
6393,44.667745000000004
6394,46.65345
6395,48.09805
6396,42.363205
6397,40.95255
6398,45.581935
6399,46.471015
6400,46.94485
6401,47.25237
6402,43.44526
6403,45.5018
6404,45.749335
6405,45.056020000000004
6406,43.004285
6407,40.24823
6408,37.832710000000006
6409,36.221485
6410,35.10099
6411,34.102635
6412,33.359875
6413,32.91735
6414,32.985549999999996
6415,34.07272
6416,39.697050000000004
6417,46.447455000000005
6418,48.51221
6419,50.01447
6420,44.051
6421,42.58408
6422,47.397915000000005
6423,48.32249
6424,48.815235
6425,49.135
6426,45.176145000000005
6427,47.31468
6428,47.57198
6429,46.851075
6430,44.717655
6431,41.85186
6432,37.88324
6433,36.269999999999996
6434,35.147955
6435,34.148205
6436,33.404515
6437,32.961215
6438,33.029725
6439,34.118135
6440,39.75006
6441,46.509455
6442,48.577
6443,50.081275
6444,44.109745
6445,42.640965
6446,47.461310000000005
6447,48.386970000000005
6448,48.880335
6449,49.200720000000004
6450,45.23644
6451,47.377765
6452,47.63553
6453,46.913695000000004
6454,44.77733
6455,41.90766
6456,37.809615
6457,36.19947500000001
6458,35.079600000000006
6459,34.08171
6460,33.33957
6461,32.8972
6462,32.9654
6463,34.051795000000006
6464,39.672715000000004
6465,46.419090000000004
6466,48.48245
6467,49.983779999999996
6468,44.02403
6469,42.558040000000005
6470,47.368930000000006
6471,48.293040000000005
6472,48.78532
6473,49.105085
6474,45.148555
6475,47.285695000000004
6476,47.542995
6477,46.822555
6478,44.690220000000004
6479,41.826285
6480,36.88938
6481,35.318455
6482,34.22586
6483,33.252305
6484,32.528145
6485,32.096470000000004
6486,32.16312
6487,33.22301
6488,38.70722
6489,45.289295
6490,47.30259
6491,48.767340000000004
6492,42.952670000000005
6493,41.52233
6494,46.216195
6495,47.117675
6496,47.598020000000005
6497,47.90988
6498,44.04976
6499,46.134975000000004
6500,46.385920000000006
6501,45.682995
6502,43.602585000000005
6503,40.808245
6504,36.43926
6505,34.887555
6506,33.80829000000001
6507,32.846515
6508,32.131345
6509,31.70494
6510,31.77066
6511,32.817685
6512,38.234935
6513,44.736720000000005
6514,46.72537
6515,48.172295000000005
6516,42.42846
6517,41.015635
6518,45.652305
6519,46.54278
6520,47.017235
6521,47.325375
6522,43.51222
6523,45.572015
6524,45.81986
6525,45.125614999999996
6526,43.07062500000001
6527,40.310385
6528,35.02163
6529,33.524795000000005
6530,32.368495
6531,31.51274
6532,30.9008
6533,30.690929999999998
6534,31.192045
6535,33.057625
6536,38.556715
6537,44.756405
6538,46.497985
6539,47.830055
6540,41.41011
6541,39.434945
6542,44.559865
6543,45.550935
6544,46.349185
6545,47.26105
6546,45.734765
6547,47.11969
6548,45.840785000000004
6549,44.76679
6550,42.430785
6551,39.22337
6552,34.583755000000004
6553,33.10552
6554,31.963635000000004
6555,31.11873
6556,30.514384999999997
6557,30.307150000000004
6558,30.80191
6559,32.64424
6560,38.074510000000004
6561,44.1967
6562,45.916425000000004
6563,47.23191
6564,40.892255000000006
6565,38.941735
6566,44.002485
6567,44.98131
6568,45.769485
6569,46.66988
6570,45.162815
6571,46.53038
6572,45.26744
6573,44.20693000000001
6574,41.90022
6575,38.732795
6576,34.145725
6577,32.686245
6578,31.558930000000004
6579,30.724565
6580,30.12797
6581,29.923215
6582,30.411775000000002
6583,32.2307
6584,37.592305
6585,43.636995
6586,45.33502
6587,46.633610000000004
6588,40.3744
6589,38.448525
6590,43.44526
6591,44.411685
6592,45.189785
6593,46.078865
6594,44.59071
6595,45.941069999999996
6596,44.694250000000004
6597,43.64707000000001
6598,41.3695
6599,38.24222
6600,33.707695
6601,32.26697
6602,31.15407
6603,30.330400000000004
6604,29.741554999999998
6605,29.539435
6606,30.02164
6607,31.817315
6608,37.1101
6609,43.07729
6610,44.753460000000004
6611,46.035465
6612,39.856545
6613,37.955315000000006
6614,42.888035
6615,43.841905000000004
6616,44.610085
6617,45.48785
6618,44.01876
6619,45.35176
6620,44.120905
6621,43.087210000000006
6622,40.838935
6623,37.751644999999996
6624,33.269665
6625,31.847695
6626,30.74921
6627,29.936390000000003
6628,29.354985000000003
6629,29.155655
6630,29.63166
6631,31.403930000000003
6632,36.627895
6633,42.51743
6634,44.1719
6635,45.43732
6636,39.338535
6637,37.462105
6638,42.330655
6639,43.27228
6640,44.03054
6641,44.896679999999996
6642,43.44681
6643,44.76245
6644,43.54756
6645,42.527350000000006
6646,40.308215
6647,37.261070000000004
6648,32.83179
6649,31.42842
6650,30.344505
6651,29.542225000000002
6652,28.96857
6653,28.771720000000002
6654,29.241525000000003
6655,30.99039
6656,36.14569
6657,41.957725
6658,43.590340000000005
6659,44.839175
6660,38.82068
6661,36.96905
6662,41.773430000000005
6663,42.702655
6664,43.45084000000001
6665,44.305665
6666,42.874860000000005
6667,44.173140000000004
6668,42.97437
6669,41.967490000000005
6670,39.777495
6671,36.770649999999996
6672,32.39376
6673,31.009145
6674,29.939645
6675,29.14806
6676,28.582155000000004
6677,28.387940000000004
6678,28.851390000000002
6679,30.577005
6680,35.663485
6681,41.39802
6682,43.008935
6683,44.240875
6684,38.302825000000006
6685,36.475840000000005
6686,41.216205
6687,42.132875000000006
6688,42.87114
6689,43.71465
6690,42.302910000000004
6691,43.58383
6692,42.401025
6693,41.407630000000005
6694,39.24693
6695,36.280075000000004
6696,31.95573
6697,30.589869999999998
6698,29.534785000000003
6699,28.75405
6700,28.19574
6701,28.00416
6702,28.461255000000005
6703,30.16362
6704,35.18128
6705,40.838315
6706,42.427375
6707,43.64273
6708,37.78497
6709,35.98263
6710,40.658825
6711,41.563250000000004
6712,42.29144
6713,43.12348
6714,41.73096
6715,42.99452
6716,41.82768
6717,40.847770000000004
6718,38.716210000000004
6719,35.789500000000004
6720,33.780855
6721,32.336875
6722,31.22165
6723,30.396275
6724,29.806035
6725,29.603450000000002
6726,30.08674
6727,31.88629
6728,37.190545
6729,43.1706
6730,44.85049
6731,46.135285
6732,39.94288
6733,38.037620000000004
6734,42.981035000000006
6735,43.937075
6736,44.706805
6737,45.58643
6738,44.11424
6739,45.450030000000005
6740,44.21654
6741,43.180675
6742,40.927440000000004
6743,37.833485
6744,35.281875
6745,33.773725
6746,32.6089
6747,31.746945
6748,31.130355
6749,30.918935
6750,31.423769999999998
6751,33.303145
6752,38.843154999999996
6753,45.08888
6754,46.84348
6755,48.185315
6756,41.717785
6757,39.727895000000004
6758,44.89079
6759,45.889455000000005
6760,46.69344
6761,47.612125000000006
6762,46.074525
6763,47.46968
6764,46.18132
6765,45.09942
6766,42.746055
6767,39.514615000000006
6768,35.082390000000004
6769,33.58292
6770,32.424605
6771,31.567455
6772,30.954430000000002
6773,30.744095
6774,31.245985
6775,33.11482
6776,38.62352
6777,44.83406
6778,46.578585
6779,47.912980000000005
6780,41.481875
6781,39.5033
6782,44.637055000000004
6783,45.629985000000005
6784,46.429475000000004
6785,47.342890000000004
6786,45.813970000000005
6787,47.201375
6788,45.920300000000005
6789,44.844445
6790,42.50441
6791,39.29126
6792,34.73333
6793,33.248740000000005
6794,32.10205
6795,31.253425
6796,30.646445
6797,30.43828
6798,30.93521
6799,32.785445
6800,38.239275
6801,44.38797
6802,46.11529
6803,47.436355
6804,41.069265
6805,39.110375000000005
6806,44.192980000000006
6807,45.175990000000006
6808,45.967575000000004
6809,46.872
6810,45.358270000000005
6811,46.731725000000004
6812,45.463515
6813,44.398355
6814,42.08157
6815,38.90035
6816,34.419455
6817,32.948195000000005
6818,31.811890000000002
6819,30.970860000000002
6820,30.36946
6821,30.163155000000003
6822,30.65559
6823,32.489085
6824,37.89378000000001
6825,43.98683
6826,45.698495
6827,47.007625000000004
6828,40.69804
6829,38.756820000000005
6830,43.793545
6831,44.767720000000004
6832,45.552175000000005
6833,46.448385
6834,44.948295
6835,46.30935
6836,45.05261
6837,43.997060000000005
6838,41.7012
6839,38.54881
6840,34.105579999999996
6841,32.647805
6842,31.52173
6843,30.68845
6844,30.092475
6845,29.888029999999997
6846,30.375970000000002
6847,32.19288
6848,37.54813
6849,43.58569000000001
6850,45.2817
6851,46.578894999999996
6852,40.326969999999996
6853,38.403265
6854,43.394110000000005
6855,44.35945
6856,45.13662
6857,46.024615000000004
6858,44.538320000000006
6859,45.88697500000001
6860,44.641705
6861,43.595765
6862,41.32083
6863,38.19727
6864,33.791705
6865,32.34726
6866,31.23157
6867,30.405885000000005
6868,29.815490000000004
6869,29.612905
6870,30.096505000000004
6871,31.89652
6872,37.20248
6873,43.184395
6874,44.864905
6875,46.150165
6876,39.955745
6877,38.049865000000004
6878,42.99483
6879,43.95118
6880,44.72122
6881,45.601000000000006
6882,44.128345
6883,45.464600000000004
6884,44.2308
6885,43.19447
6886,40.940615
6887,37.845729999999996
6888,35.85181
6889,34.31948
6890,33.135745
6891,32.259685
6892,31.63333
6893,31.418345000000002
6894,31.931395
6895,33.84115
6896,39.47075
6897,45.81738
6898,47.600190000000005
6899,48.963725000000004
6900,42.391725
6901,40.36975
6902,45.616035000000004
6903,46.63082
6904,47.447825
6905,48.381235000000004
6906,46.818835
6907,48.23662
6908,46.92749
6909,45.827920000000006
6910,43.43658
6911,40.15306
6912,36.463905
6913,34.90538
6914,33.701495
6915,32.810555
6916,32.173505000000006
6917,31.9548
6918,32.476530000000004
6919,34.41899
6920,40.14469
6921,46.599665
6922,48.412855
6923,49.799795
6924,43.115575
6925,41.059035
6926,46.39491
6927,47.426899999999996
6928,48.257855
6929,49.207385
6930,47.61817
6931,49.060135
6932,47.728685
6933,46.61036
6934,44.178255
6935,40.838625
6936,36.263955
6937,34.713955
6938,33.516735
6939,32.6306
6940,31.99696
6941,31.77965
6942,32.298435000000005
6943,34.2302
6944,39.924435
6945,46.34407
6946,48.14734
6947,49.526685
6948,42.879045000000005
6949,40.83382
6950,46.1404
6951,47.16681
6952,47.99327
6953,48.937375
6954,47.356995000000005
6955,48.791055
6956,47.46689
6957,46.354765
6958,43.935990000000004
6959,40.61465
6960,33.648175
6961,32.20993
6962,31.099045
6963,30.276770000000003
6964,29.688855
6965,29.4872
6966,29.968629999999997
6967,31.76105
6968,37.044535
6969,43.00103
6970,44.674255
6971,45.95409
6972,39.78602
6973,37.8882
6974,42.812085
6975,43.764405000000004
6976,44.531345
6977,45.407405000000004
6978,43.94095
6979,45.271625
6980,44.04294
6981,43.01095
6982,40.766705
6983,37.684995
6984,33.776050000000005
6985,32.33238
6986,31.21731
6987,30.391935000000004
6988,29.80185
6989,29.59942
6990,30.082555000000003
6991,31.88195
6992,37.185430000000004
6993,43.16471
6994,44.84429
6995,46.128930000000004
6996,39.9373
6997,38.03235
6998,42.97499
6999,43.93103
7000,44.70076
7001,45.580075
7002,44.108195
7003,45.44383
7004,44.210495
7005,43.17463
7006,40.921705
7007,37.828215
7008,33.90408
7009,32.454985
7010,31.335575000000002
7011,30.507099999999998
7012,29.914845000000003
7013,29.711485000000003
7014,30.196635
7015,32.002694999999996
7016,37.326325
7017,43.32823500000001
7018,45.01417
7019,46.30377
7020,40.08873500000001
7021,38.1765
7022,43.137895
7023,44.097500000000004
7024,44.870020000000004
7025,45.752900000000004
7026,44.275285
7027,45.616035000000004
7028,44.37805
7029,43.33831
7030,41.07686
7031,37.971590000000006
7032,34.03211
7033,32.577435
7034,31.45384
7035,30.622265
7036,30.027684999999998
7037,29.823705
7038,30.31056
7039,32.123595
7040,37.46722
7041,43.49176
7042,45.184205
7043,46.47861
7044,40.24001500000001
7045,38.32065
7046,43.3008
7047,44.26397
7048,45.039435000000005
7049,45.92557
7050,44.442375
7051,45.78824
7052,44.545605
7053,43.501835
7054,41.23186
7055,38.114965
7056,35.672165
7057,34.14743
7058,32.96974
7059,32.098020000000005
7060,31.474765
7061,31.26102
7062,31.771279999999997
7063,33.671580000000006
7064,39.27297
7065,45.587825
7066,47.361645
7067,48.718360000000004
7068,42.179375
7069,40.167475
7070,45.38741
7071,46.397079999999995
7072,47.210055000000004
7073,48.138815
7074,46.584165000000006
7075,47.994820000000004
7076,46.6922
7077,45.598365
7078,43.218959999999996
7079,39.95187
7080,36.291235
7081,34.739995
7082,33.541845
7083,32.65509
7084,32.020985
7085,31.803365
7086,32.322615
7087,34.25593
7088,39.954350000000005
7089,46.37879
7090,48.183455
7091,49.56373000000001
7092,42.91113
7093,40.864355
7094,46.174965
7095,47.20215
7096,48.02923
7097,48.97411
7098,47.39249
7099,48.827635
7100,47.502385
7101,46.389485
7102,43.96885
7103,40.64503
7104,36.62371
7105,35.05821
7106,33.849055
7107,32.95424
7108,32.314245
7109,32.094765
7110,32.61882
7111,34.56965
7112,40.320460000000004
7113,46.803645
7114,48.624895
7115,50.01788
7116,43.304365000000004
7117,41.23868
7118,46.59811500000001
7119,47.6346
7120,48.469274999999996
7121,49.422835
7122,47.826645
7123,49.274965
7124,47.937625
7125,46.814495
7126,44.371695
7127,41.017495000000004
7128,36.906585
7129,35.32915
7130,34.11069500000001
7131,33.208905
7132,32.56395
7133,32.342765
7134,32.870850000000004
7135,34.836870000000005
7136,40.63201
7137,47.16526
7138,49.000614999999996
7139,50.404295000000005
7140,43.638855
7141,41.55736
7142,46.95818
7143,48.002725
7144,48.843755
7145,49.8046
7146,48.19632
7147,49.655645
7148,48.308075
7149,47.176265
7150,44.714555
7151,41.334315000000004
7152,35.265135
7153,33.75776
7154,32.593399999999995
7155,31.731755000000003
7156,31.115630000000003
7157,30.90421
7158,31.408735
7159,33.287335
7160,38.82471
7161,45.06749
7162,46.82116
7163,48.162530000000004
7164,41.697945000000004
7165,39.708985
7166,44.869555
7167,45.867599999999996
7168,46.671275
7169,47.589495
7170,46.052670000000006
7171,47.447205000000004
7172,46.159465000000004
7173,45.077875
7174,42.725750000000005
7175,39.49586
7176,33.62353
7177,32.186370000000004
7178,31.076259999999998
7179,30.254760000000005
7180,29.66731
7181,29.465655
7182,29.946775
7183,31.737955
7184,37.017565000000005
7185,42.96972
7186,44.641705
7187,45.92061
7188,39.757035
7189,37.86061
7190,42.78093
7191,43.73263
7192,44.498795
7193,45.374235000000006
7194,43.90902
7195,45.23861
7196,44.01085500000001
7197,42.97964
7198,40.736945
7199,37.657405000000004
7200,31.982080000000003
7201,30.61498
7202,29.55912
7203,28.77761
7204,28.218835000000002
7205,28.0271
7206,28.484815000000005
7207,30.188420000000004
7208,35.210265
7209,40.87195
7210,42.46225
7211,43.67869
7212,37.816125
7213,36.012235
7214,40.692305
7215,41.597505
7216,42.326315
7217,43.15913
7218,41.765215
7219,43.030015
7220,41.862245
7221,40.881405
7222,38.74814
7223,35.81895
7224,34.685125000000006
7225,33.20255
7226,32.057410000000004
7227,31.209870000000002
7228,30.60382
7229,30.395965
7230,30.89212
7231,32.739875
7232,38.18611
7233,44.326280000000004
7234,46.051120000000004
7235,47.370325
7236,41.01207
7237,39.055969999999995
7238,44.131600000000006
7239,45.113215000000004
7240,45.903715000000005
7241,46.806745
7242,45.295185000000004
7243,46.66678
7244,45.400275
7245,44.33651
7246,42.02298
7247,38.846255
7248,34.782465
7249,33.295705000000005
7250,32.147310000000004
7251,31.297445000000003
7252,30.689690000000002
7253,30.481215
7254,30.97892
7255,32.83179
7256,38.29337
7257,44.450590000000005
7258,46.180235
7259,47.50316
7260,41.127235
7261,39.165555000000005
7262,44.255445
7263,45.239850000000004
7264,46.03252
7265,46.93803
7266,45.422285
7267,46.797755
7268,45.527685
7269,44.460975
7270,42.140935
7271,38.955375000000004
7272,33.70723
7273,32.266505
7274,31.153605000000002
7275,30.33009
7276,29.74109
7277,29.539125000000002
7278,30.021330000000003
7279,31.816850000000002
7280,37.109635000000004
7281,43.07667
7282,44.752840000000006
7283,46.035000000000004
7284,39.85608
7285,37.95485
7286,42.887415000000004
7287,43.841440000000006
7288,44.60962
7289,45.48723
7290,44.018295
7291,45.35114
7292,44.12044
7293,43.086745
7294,40.838315
7295,37.75118
7296,33.101025
7297,31.686185
7298,30.59328
7299,29.78449
7300,29.206185
7301,29.007785000000002
7302,29.48131
7303,31.244590000000002
7304,36.442205
7305,42.301825
7306,43.947925000000005
7307,45.206835000000005
7308,39.139050000000005
7309,37.27223
7310,42.11598
7311,43.0528
7312,43.807185
7313,44.668985
7314,43.226555000000005
7315,44.53553
7316,43.326840000000004
7317,42.31159
7318,40.103770000000004
7319,37.072125
7320,32.81009
7321,31.407650000000004
7322,30.324355
7323,29.522695000000002
7324,28.949505
7325,28.75281
7326,29.222150000000003
7327,30.970084999999997
7328,36.12182
7329,41.930135
7330,43.561665
7331,44.80957
7332,38.795105
7333,36.94456
7334,41.74584
7335,42.674445
7336,43.422165
7337,44.276525
7338,42.846650000000004
7339,44.144000000000005
7340,42.946005
7341,41.939745
7342,39.7513
7343,36.746315
7344,32.519155
7345,31.129115000000002
7346,30.055585
7347,29.2609
7348,28.692825000000003
7349,28.497835000000002
7350,28.963145
7351,30.695425
7352,35.80159
7353,41.55829000000001
7354,43.175405000000005
7355,44.412304999999996
7356,38.45116
7357,36.617045
7358,41.3757
7359,42.29609
7360,43.037144999999995
7361,43.88391
7362,42.466590000000004
7363,43.752625
7364,42.56517
7365,41.5679
7366,39.398830000000004
7367,36.420505
7368,32.22822
7369,30.850735
7370,29.786659999999998
7371,28.999105
7372,28.436145
7373,28.24286
7374,28.703985
7375,30.420765000000003
7376,35.48136
7377,41.186445
7378,42.789145
7379,44.014885
7380,38.107060000000004
7381,36.289375
7382,41.00556
7383,41.917735
7384,42.652125
7385,43.491295
7386,42.086685
7387,43.361250000000005
7388,42.184335
7389,41.196055
7390,39.04636
7391,36.094695
7392,33.95182
7393,32.500555
7394,31.379595000000002
7395,30.550035000000005
7396,29.956850000000003
7397,29.753335
7398,30.239105000000002
7399,32.047644999999996
7400,37.378870000000006
7401,43.38915
7402,45.077565
7403,46.36887
7404,40.145154999999995
7405,38.23013
7406,43.1985
7407,44.1595
7408,44.933105000000005
7409,45.817225
7410,44.337595
7411,45.680205
7412,44.44036
7413,43.399225
7414,41.13452
7415,38.025065
7416,35.224215
7417,33.718545000000006
7418,32.555735
7419,31.69502
7420,31.079515000000004
7421,30.868405
7422,31.372310000000002
7423,33.248740000000005
7424,38.77976
7425,45.015255
7426,46.76691
7427,48.106575
7428,41.649585
7429,39.66295
7430,44.817475
7431,45.814435
7432,46.617180000000005
7433,47.534315
7434,45.999195
7435,47.39218
7436,46.105835
7437,45.02564
7438,42.67615
7439,39.450134999999996
7440,35.141445000000004
7441,33.639340000000004
7442,32.479165
7443,31.620465000000003
7444,31.006510000000002
7445,30.795865000000003
7446,31.29853
7447,33.17062
7448,38.688465
7449,44.90939
7450,46.65686
7451,47.993425
7452,41.551625
7453,39.56964
7454,44.712075
7455,45.70671
7456,46.507595
7457,47.42256
7458,45.891005
7459,47.280735
7460,45.99749
7461,44.919775
7462,42.575865
7463,39.35729
7464,35.264205000000004
7465,33.75683
7466,32.592625
7467,31.73098
7468,31.114855000000002
7469,30.903435
7470,31.407960000000003
7471,33.28656
7472,38.82378
7473,45.066405
7474,46.820074999999996
7475,48.16129
7476,41.69686
7477,39.708055
7478,44.86847
7479,45.866515
7480,46.670035
7481,47.588255000000004
7482,46.05143
7483,47.445965
7484,46.158225
7485,45.07679
7486,42.724665
7487,39.49493
7488,34.392485
7489,32.922465
7490,31.786935
7491,30.946524999999998
7492,30.345745
7493,30.13944
7494,30.631565000000002
7495,32.463665
7496,37.864020000000004
7497,43.952265000000004
7498,45.662690000000005
7499,46.970735
7500,40.66611
7501,38.726440000000004
7502,43.75929
7503,44.73269
7504,45.51637
7505,46.41196
7506,44.913109999999996
7507,46.27308
7508,45.017269999999996
7509,43.962495000000004
7510,41.668495
7511,38.518585
7512,33.520765000000004
7513,32.087945
7514,30.981245
7515,30.162225
7516,29.576480000000004
7517,29.375600000000002
7518,29.855169999999998
7519,31.64077
7520,36.90426
7521,42.83828
7522,44.50515
7523,45.78018
7524,39.635360000000006
7525,37.744825000000006
7526,42.650110000000005
7527,43.598865
7528,44.362705
7529,45.235510000000005
7530,43.774635
7531,45.10019500000001
7532,43.876160000000006
7533,42.8482
7534,40.612325
7535,37.54224
7536,32.649045
7537,31.253425
7538,30.175555
7539,29.377769999999998
7540,28.807370000000002
7541,28.611605
7542,29.078775
7543,30.81803
7544,35.944655000000004
7545,41.724295000000005
7546,43.347765
7547,44.589625
7548,38.60461
7549,36.76321
7550,41.54093
7551,42.46504
7552,43.20904
7553,44.05906
7554,42.636315
7555,43.92731
7556,42.735205
7557,41.733905
7558,39.556155
7559,36.566050000000004
7560,33.810925000000005
7561,32.365705
7562,31.249550000000003
7563,30.4234
7564,29.83254
7565,29.629955
7566,30.11371
7567,31.91481
7568,37.22387
7569,43.209195
7570,44.890480000000004
7571,46.176515
7572,39.97853
7573,38.071565
7574,43.01932
7575,43.97629
7576,44.746795
7577,45.627195
7578,44.15361
7579,45.49064
7580,44.256065
7581,43.219115
7582,40.96402
7583,37.867275
7584,35.195074999999996
7585,33.690645
7586,32.528765
7587,31.668825000000002
7588,31.053785
7589,30.84283
7590,31.346425000000004
7591,33.221305
7592,38.747675
7593,44.978055000000005
7594,46.72816
7595,48.06674
7596,41.615175
7597,39.630089999999996
7598,44.78043
7599,45.77646
7600,46.578585
7601,47.494945
7602,45.961065000000005
7603,47.352810000000005
7604,46.067705000000004
7605,44.98844
7606,42.64081
7607,39.417429999999996
7608,35.47826
7609,33.96174
7610,32.790405
7611,31.92349
7612,31.303645000000003
7613,31.090985000000003
7614,31.59861
7615,33.488525
7616,39.059380000000004
7617,45.339825000000005
7618,47.104035
7619,48.453465
7620,41.949975
7621,39.948924999999996
7622,45.14065
7623,46.144740000000006
7624,46.95322
7625,47.87702
7626,46.330895
7627,47.7338
7628,46.43831
7629,45.350365
7630,42.98398
7631,39.73456
7632,35.434705
7633,33.920045
7634,32.750260000000004
7635,31.88443
7636,31.265359999999998
7637,31.052854999999997
7638,31.55986
7639,33.44745
7640,39.011485
7641,45.28418
7642,47.046375
7643,48.3941
7644,41.898515
7645,39.899945
7646,45.085315
7647,46.088165000000004
7648,46.895714999999996
7649,47.818275
7650,46.27401
7651,47.675365
7652,46.381425
7653,45.294720000000005
7654,42.93128
7655,39.68589
7656,34.42953
7657,32.95796
7658,31.821190000000005
7659,30.980005000000002
7660,30.37845
7661,30.171990000000005
7662,30.66458
7663,32.498695
7664,37.904785
7665,43.999695
7666,45.711825
7667,47.02126500000001
7668,40.70997500000001
7669,38.768135
7670,43.80641
7671,44.780895
7672,45.565505
7673,46.461870000000005
7674,44.961470000000006
7675,46.322990000000004
7676,45.065785
7677,44.009925
7678,41.713445
7679,38.560125000000006
7680,33.424355
7681,31.99572
7682,30.89212
7683,30.075425000000003
7684,29.491540000000004
7685,29.291125
7686,29.7693
7687,31.549785000000004
7688,36.79824
7689,42.715055
7690,44.377275000000004
7691,45.648585000000004
7692,39.521435
7693,37.63632500000001
7694,42.527505000000005
7695,43.47347
7696,44.23514
7697,45.105465
7698,43.648775
7699,44.970615
7700,43.749990000000004
7701,42.724975
7702,40.49561
7703,37.43436
7704,32.419180000000004
7705,31.03348
7706,29.963205
7707,29.171000000000003
7708,28.60463
7709,28.41026
7710,28.874019999999998
7711,30.60103
7712,35.69154
7713,41.430569999999996
7714,43.042725000000004
7715,44.27575
7716,38.332895
7717,36.504515000000005
7718,41.248599999999996
7719,42.166045000000004
7720,42.90493
7721,43.74906
7722,42.33608
7723,43.618085
7724,42.43435
7725,41.440180000000005
7726,39.277775
7727,36.308595000000004
7728,33.96391
7729,32.51218
7730,31.390909999999998
7731,30.56104
7732,29.967545
7733,29.76403
7734,30.249955000000003
7735,32.059115
7736,37.3922
7737,43.404650000000004
7738,45.093685
7739,46.38545500000001
7740,40.159415
7741,38.243925000000004
7742,43.214
7743,44.17531
7744,44.949225000000006
7745,45.833655
7746,44.353405
7747,45.69648
7748,44.456325
7749,43.414725
7750,41.1494
7751,38.038705
7752,35.3059
7753,33.796820000000004
7754,32.63122
7755,31.76849
7756,31.15159
7757,30.940015000000002
7758,31.445159999999998
7759,33.325775
7760,38.86966
7761,45.11957
7762,46.875255
7763,48.218175
7764,41.74615
7765,39.754865
7766,44.92148
7767,45.92061
7768,46.725215
7769,47.64452
7770,46.105835
7771,47.50192
7772,46.212785
7773,45.13011
7774,42.775195000000004
7775,39.541585
7776,35.81523
7777,34.284295
7778,33.101800000000004
7779,32.226825
7780,31.600935
7781,31.38626
7782,31.89869
7783,33.806585000000005
7784,39.430295
7785,45.770415
7786,47.551520000000004
7787,48.91366000000001
7788,42.348325
7789,40.328365
7790,45.56938
7791,46.58308
7792,47.39931000000001
7793,48.33179
7794,46.77094
7795,48.187175
7796,46.87944
7797,45.781110000000005
7798,43.392250000000004
7799,40.111985
7800,35.98635
7801,34.44813
7802,33.260055
7803,32.380739999999996
7804,31.75206
7805,31.5363
7806,32.051210000000005
7807,33.968095
7808,39.618775
7809,45.989275
7810,47.77875
7811,49.1474
7812,42.550755
7813,40.521185
7814,45.787155
7815,46.805659999999996
7816,47.625765
7817,48.56274
7818,46.99445
7819,48.417505000000006
7820,47.103415
7821,45.999815
7822,43.599485
7823,40.303720000000006
7824,34.992955
7825,33.497205
7826,32.34199
7827,31.486855000000002
7828,30.875535
7829,30.665665000000004
7830,31.166314999999997
7831,33.030499999999996
7832,38.525095
7833,44.71967
7834,46.459855000000005
7835,47.790685
7836,41.376165
7837,39.40255
7838,44.523285
7839,45.513580000000005
7840,46.311055
7841,47.222145000000005
7842,45.697255
7843,47.080940000000005
7844,45.80312
7845,44.730055
7846,42.396065
7847,39.19113
7848,33.999559999999995
7849,32.546279999999996
7850,31.423769999999998
7851,30.59297
7852,29.99901
7853,29.795185
7854,30.281575
7855,32.092749999999995
7856,37.431415
7857,43.45022
7858,45.14096
7859,46.434125
7860,40.201575
7861,38.283915
7862,43.25926
7863,44.221500000000006
7864,44.996345000000005
7865,45.881705
7866,44.399905
7867,45.744375
7868,44.50298
7869,43.460295
7870,41.19249
7871,38.078540000000004
7872,33.006165
7873,31.595355
7874,30.505705000000003
7875,29.69924
7876,29.122484999999998
7877,28.924705000000003
7878,29.396835
7879,31.155155000000004
7880,36.337735
7881,42.180615
7882,43.822065
7883,45.07741
7884,39.026985
7885,37.165435
7886,41.99539
7887,42.929575
7888,43.681635
7889,44.54111
7890,43.10271
7891,44.407810000000005
7892,43.202684999999995
7893,42.19038
7894,39.988915
7895,36.96595
7896,34.320100000000004
7897,32.85318
7898,31.72013
7899,30.881425
7900,30.281885
7901,30.076045
7902,30.567085000000002
7903,32.39531
7904,37.784349999999996
7905,43.859885000000006
7906,45.566435
7907,46.871845
7908,40.58055
7909,38.64491
7910,43.66722
7911,44.63845
7912,45.42058
7913,46.314155
7914,44.81856
7915,46.175740000000005
7916,44.922565
7917,43.86996
7918,41.580765
7919,38.43752
7920,35.40944
7921,33.895865
7922,32.726855
7923,31.861645000000003
7924,31.242885
7925,31.03069
7926,31.537229999999997
7927,33.42358
7928,38.983585000000005
7929,45.251940000000005
7930,47.01274
7931,48.359535
7932,41.8686
7933,39.871425
7934,45.05307500000001
7935,46.055305000000004
7936,46.862235
7937,47.784175
7938,46.240995
7939,47.641265000000004
7940,46.348255
7941,45.262325
7942,42.90059
7943,39.657525
7944,34.764175
7945,33.278345
7946,32.13057
7947,31.28117
7948,30.673725
7949,30.46525
7950,30.962645
7951,32.814585
7952,38.273375
7953,44.427495
7954,46.15621
7955,47.47836
7956,41.10569
7957,39.145095
7958,44.232195
7959,45.216135
7960,46.008340000000004
7961,46.913540000000005
7962,45.39857
7963,46.773265
7964,45.503814999999996
7965,44.437725
7966,42.118925000000004
7967,38.934915
7968,35.044725
7969,33.546805
7970,32.38973
7971,31.533510000000003
7972,30.921260000000004
7973,30.711080000000003
7974,31.212505
7975,33.079325000000004
7976,38.582135
7977,44.785855000000005
7978,46.52852
7979,47.86152
7980,41.43739
7981,39.46083
7982,44.58916
7983,45.581005
7984,46.379565
7985,47.29205
7986,45.764835000000005
7987,47.15069
7988,45.871010000000005
7989,44.796240000000004
7990,42.458685
7991,39.2491
7992,34.093180000000004
7993,32.63587
7994,31.510260000000002
7995,30.67729
7996,30.081625
7997,29.877180000000003
7998,30.364964999999998
7999,32.1811
8000,37.534490000000005
8001,43.569880000000005
8002,45.26527
8003,46.561845
8004,40.312245
8005,38.389469999999996
8006,43.378455
8007,44.34333
8008,45.120345
8009,46.008030000000005
8010,44.522200000000005
8011,45.87039
8012,44.62543
8013,43.579955
8014,41.30595
8015,38.18332
8016,33.141635
8017,31.72509
8018,30.63079
8019,29.82107
8020,29.24199
8021,29.043280000000003
8022,29.517425000000003
8023,31.283030000000004
8024,36.486845
8025,42.35375
8026,44.001865
8027,45.262325
8028,39.1871
8029,37.317955000000005
8030,42.16775
8031,43.105655
8032,43.86097
8033,44.723855
8034,43.279565
8035,44.590090000000004
8036,43.380005000000004
8037,42.363515
8038,40.15306
8039,37.117695
8040,32.190090000000005
8041,30.814155
8042,29.751320000000003
8043,28.964850000000002
8044,28.402355000000004
8045,28.20938
8046,28.67004
8047,30.384805000000004
8048,35.439355
8049,41.137775000000005
8050,42.73846
8051,43.962805
8052,38.061955000000005
8053,36.24644
8054,40.957045
8055,41.86798
8056,42.601595
8057,43.43968
8058,42.03693
8059,43.30979
8060,42.134425
8061,41.14723
8062,39.000170000000004
8063,36.051915
8064,33.72862
8065,32.286965
8066,31.173444999999997
8067,30.349310000000003
8068,29.759999999999998
8069,29.557725
8070,30.040395
8071,31.837
8072,37.133195
8073,43.103950000000005
8074,44.78120500000001
8075,46.063984999999995
8076,39.881190000000004
8077,37.978875
8078,42.91454
8079,43.869185
8080,44.63783
8081,45.51606
8082,44.046195
8083,45.37997
8084,44.148340000000005
8085,43.11387
8086,40.864200000000004
8087,37.77505
8088,34.98939
8089,33.493795
8090,32.33858
8091,31.483755000000002
8092,30.872435
8093,30.662565
8094,31.163215
8095,33.02709
8096,38.52122
8097,44.715175
8098,46.45505
8099,47.78588
8100,41.37198
8101,39.39852
8102,44.51879
8103,45.50893000000001
8104,46.306405
8105,47.21734
8106,45.692605
8107,47.076135
8108,45.798625
8109,44.72556
8110,42.391725
8111,39.1871
8112,35.03
8113,33.5327
8114,32.376245
8115,31.520335
8116,30.90824
8117,30.698214999999998
8118,31.199485
8119,33.06553
8120,38.566015
8121,44.767100000000006
8122,46.509145000000004
8123,47.841525000000004
8124,41.420030000000004
8125,39.4444
8126,44.570405
8127,45.56194
8128,46.36019
8129,47.27221
8130,45.745615
8131,47.13085
8132,45.85179
8133,44.777485
8134,42.441015
8135,39.23267
8136,34.858105
8137,33.36809
8138,32.217215
8139,31.36549
8140,30.756495
8141,30.547555000000003
8142,31.046190000000003
8143,32.90309
8144,38.376605
8145,44.54731
8146,46.28083
8147,47.606545
8148,41.21667
8149,39.25065
8150,44.3517
8151,45.338119999999996
8152,46.132650000000005
8153,47.040175000000005
8154,45.52102
8155,46.899435000000004
8156,45.626575
8157,44.557695
8158,42.23254
8159,39.040005
8160,34.21005
8161,32.747780000000006
8162,31.618295000000003
8163,30.78238
8164,30.1847
8165,29.979635
8166,30.469125
8167,32.29146
8168,37.66314
8169,43.719145
8170,45.42027
8171,46.721495000000004
8172,40.45035
8173,38.52091
8174,43.527100000000004
8175,44.49523000000001
8176,45.274879999999996
8177,46.165665000000004
8178,44.67472
8179,46.02756
8180,44.778415
8181,43.72922
8182,41.447465
8183,38.314295
8184,33.561994999999996
8185,32.127315
8186,31.019375
8187,30.19927
8188,29.612905
8189,29.411715
8190,29.891905
8191,31.679675000000003
8192,36.949675
8193,42.89082500000001
8194,44.559865
8195,45.836445
8196,39.68403
8197,37.79117
8198,42.7025
8199,43.65234
8200,44.417265
8201,45.291
8202,43.82842
8203,45.15553
8204,43.930099999999996
8205,42.9009
8206,40.662235
8207,37.58843
8208,32.913785000000004
8209,31.507005000000003
8210,30.4203
8211,29.61616
8212,29.04111
8213,28.843795
8214,29.314685
8215,31.067890000000002
8216,36.23621
8217,42.06266
8218,43.69946
8219,44.951240000000006
8220,38.917865
8221,37.06143
8222,41.877900000000004
8223,42.80945
8224,43.559495000000005
8225,44.41649
8226,42.98212
8227,44.283655
8228,43.081784999999996
8229,42.072425
8230,39.877005000000004
8231,36.862565
8232,34.316535
8233,32.84977
8234,31.716874999999998
8235,30.878325000000004
8236,30.278785000000003
8237,30.072945000000004
8238,30.563985
8239,32.392055
8240,37.780475
8241,43.85539
8242,45.561785
8243,46.86704
8244,40.57652
8245,38.641035
8246,43.662725
8247,44.633955
8248,45.41593
8249,46.309505
8250,44.81391
8251,46.170935
8252,44.917915
8253,43.865465
8254,41.57658
8255,38.433645
8256,35.0362
8257,33.53859
8258,32.38198
8259,31.525915000000005
8260,30.913664999999998
8261,30.703640000000004
8262,31.20491
8263,33.071265000000004
8264,38.57268
8265,44.775005
8266,46.51736
8267,47.849895
8268,41.427315
8269,39.45122
8270,44.57831
8271,45.569845
8272,46.368405
8273,47.28058
8274,45.753675
8275,47.13922
8276,45.85985
8277,44.78539
8278,42.448455
8279,39.239645
8280,35.331939999999996
8281,33.82162
8282,32.655245
8283,31.791895
8284,31.17453
8285,30.962799999999998
8286,31.468255
8287,33.35042
8288,38.89818
8289,45.152895
8290,46.909819999999996
8291,48.25367
8292,41.776995
8293,39.78416
8294,44.954495
8295,45.9544
8296,46.759625
8297,47.67955
8298,46.13978
8299,47.536950000000004
8300,46.246885
8301,45.16328
8302,42.80666
8303,39.570724999999996
8304,35.281875
8305,33.77388
8306,32.6089
8307,31.746945
8308,31.13051
8309,30.918935
8310,31.423769999999998
8311,33.303145
8312,38.843154999999996
8313,45.08888
8314,46.84348
8315,48.185315
8316,41.717785
8317,39.727895000000004
8318,44.890945
8319,45.889455000000005
8320,46.69344
8321,47.612125000000006
8322,46.074525
8323,47.46968
8324,46.18132
8325,45.09942
8326,42.746055
8327,39.514770000000006
8328,34.55725
8329,33.0801
8330,31.939300000000003
8331,31.09486
8332,30.491135000000003
8333,30.283900000000003
8334,30.77835
8335,32.619285
8336,38.045370000000005
8337,44.162910000000004
8338,45.881395
8339,47.195795
8340,40.860945
8341,38.911975000000005
8342,43.96885
8343,44.94690000000001
8344,45.734455000000004
8345,46.63423
8346,45.12825
8347,46.494730000000004
8348,45.232875
8349,44.173140000000004
8350,41.868135
8351,38.70319
8352,33.832625
8353,32.386475000000004
8354,31.269545
8355,30.442775
8356,29.851760000000002
8357,29.648865
8358,30.13293
8359,31.935270000000003
8360,37.247585
8361,43.236785000000005
8362,44.91931
8363,46.206120000000006
8364,40.00426
8365,38.096055
8366,43.046910000000004
8367,44.0045
8368,44.77547
8369,45.656335
8370,44.181975
8371,45.51978
8372,44.28443
8373,43.24686
8374,40.990215
8375,37.89161
8376,33.108
8377,31.69285
8378,30.599790000000002
8379,29.790845
8380,29.212384999999998
8381,29.01383
8382,29.48751
8383,31.251255
8384,36.449955
8385,42.310815
8386,43.957225
8387,45.216445
8388,39.14742
8389,37.280135
8390,42.12497
8391,43.061945
8392,43.816485
8393,44.67844
8394,43.2357
8395,44.544830000000005
8396,43.335985
8397,42.32058
8398,40.112295
8399,37.08003
8400,34.719845
8401,33.235875
8402,32.08965
8403,31.24118
8404,30.634665
8405,30.4265
8406,30.923275000000004
8407,32.772735
8408,38.22455
8409,44.370765
8410,46.09731
8411,47.41791
8412,41.0533
8413,39.095185
8414,44.17593
8415,45.158475
8416,45.94975
8417,46.85371
8418,45.3406
8419,46.713589999999996
8420,45.445845000000006
8421,44.380995
8422,42.06514
8423,38.885315
8424,35.6438
8425,34.120305
8426,32.943545
8427,32.0726
8428,31.44981
8429,31.236065
8430,31.746170000000003
8431,33.64492
8432,39.24166
8433,45.551555
8434,47.323980000000006
8435,48.679765
8436,42.145895
8437,40.135545
8438,45.35145
8439,46.36019
8440,47.17254500000001
8441,48.10053
8442,46.547275
8443,47.95669
8444,46.655155
8445,45.562095
8446,43.184705
8447,39.920095
8448,35.982785
8449,34.444875
8450,33.2568
8451,32.37764
8452,31.74896
8453,31.533200000000004
8454,32.047955
8455,33.96484
8456,39.6149
8457,45.98478
8458,47.7741
8459,49.14275
8460,42.54657
8461,40.517155
8462,45.782815
8463,46.801165
8464,47.621114999999996
8465,48.55809
8466,46.989955
8467,48.412855
8468,47.09892
8469,45.995475
8470,43.5953
8471,40.299690000000005
8472,36.39927
8473,34.843535
8474,33.64182
8475,32.752430000000004
8476,32.116465000000005
8477,31.898225
8478,32.419025000000005
8479,34.35792
8480,40.07339
8481,46.51705
8482,48.32714
8483,49.711445
8484,43.03916
8485,40.986185
8486,46.312605000000005
8487,47.342890000000004
8488,48.172295000000005
8489,49.12012
8490,47.533695
8491,48.973180000000006
8492,47.644055
8493,46.527745
8494,44.09998
8495,40.766239999999996
8496,35.739745
8497,34.212219999999995
8498,33.032205
8499,32.158935
8500,31.53444
8501,31.320230000000002
8502,31.831575
8503,33.735440000000004
8504,39.347370000000005
8505,45.67416
8506,47.45139
8507,48.81074
8508,42.2592
8509,40.24358
8510,45.473435
8511,46.484965
8512,47.29949
8513,48.23011
8514,46.672515000000004
8515,48.085805
8516,46.780705000000005
8517,45.6847
8518,43.3008
8519,40.02751
8520,35.080220000000004
8521,33.580905
8522,32.42259
8523,31.56544
8524,30.95257
8525,30.742235
8526,31.244125
8527,33.11296
8528,38.621195
8529,44.83127
8530,46.575795
8531,47.910035
8532,41.479395000000004
8533,39.500975000000004
8534,44.63442
8535,45.627195
8536,46.426685
8537,47.34010000000001
8538,45.81118
8539,47.19843
8540,45.91751
8541,44.841655
8542,42.501775
8543,39.288935
8544,34.420695
8545,32.949435
8546,31.81313
8547,30.9721
8548,30.370700000000003
8549,30.16424
8550,30.656830000000003
8551,32.490325000000006
8552,37.895175
8553,43.988535
8554,45.7002
8555,47.009330000000006
8556,40.69959
8557,38.758215
8558,43.79525
8559,44.769425000000005
8560,45.55388000000001
8561,46.45009
8562,44.95
8563,46.311055
8564,45.054315
8565,43.99861
8566,41.70275
8567,38.550205
8568,35.31272
8569,33.803329999999995
8570,32.63742
8571,31.774690000000003
8572,31.157635000000003
8573,30.945905
8574,31.451205
8575,33.332285
8576,38.877100000000006
8577,45.128405
8578,46.88440000000001
8579,48.227475
8580,41.75421
8581,39.762615000000004
8582,44.93016
8583,45.9296
8584,46.734205
8585,47.653665
8586,46.114825
8587,47.51122
8588,46.221775
8589,45.13879
8590,42.78341
8591,39.54918
8592,35.973795
8593,34.436195
8594,33.248585000000006
8595,32.369580000000006
8596,31.741055000000003
8597,31.525295
8598,32.04005
8599,33.956315
8600,39.604980000000005
8601,45.97331
8602,47.762165
8603,49.13035
8604,42.53603
8605,40.50708
8606,45.771345000000004
8607,46.789384999999996
8608,47.60918
8609,48.545845
8610,46.978175
8611,48.400765
8612,47.08714
8613,45.983850000000004
8614,43.584450000000004
8615,40.289615000000005
8616,36.30906
8617,34.757045
8618,33.558275
8619,32.671055
8620,32.036640000000006
8621,31.819020000000002
8622,32.33858
8623,34.27267
8624,39.974035
8625,46.401575
8626,48.207170000000005
8627,49.588065
8628,42.93221
8629,40.884505
8630,46.19775
8631,47.2254
8632,48.05279
8633,48.998135
8634,47.41574000000001
8635,48.85166
8636,47.52579
8637,46.41227
8638,43.99055
8639,40.665025
8640,36.07594
8641,34.534000000000006
8642,33.342980000000004
8643,32.461495000000006
8644,31.831110000000002
8645,31.614885
8646,32.131035000000004
8647,34.052725
8648,39.71751
8649,46.10382
8650,47.89779
8651,49.26985
8652,42.656774999999996
8653,40.62209
8654,45.90123500000001
8655,46.922375
8656,47.744495
8657,48.683795
8658,47.111475000000006
8659,48.538095000000006
8660,47.220905
8661,46.114515000000004
8662,43.70814
8663,40.40416
8664,35.976895
8665,34.43914
8666,33.251375
8667,32.372215000000004
8668,31.74369
8669,31.527929999999998
8670,32.042685
8671,33.95926
8672,39.60839
8673,45.977185000000006
8674,47.766195
8675,49.134535
8676,42.539595
8677,40.51049
8678,45.775065
8679,46.793415
8680,47.61321
8681,48.55003000000001
8682,46.98205
8683,48.404795
8684,47.091015
8685,45.987725
8686,43.588015000000006
8687,40.293025
8688,35.877694999999996
8689,34.344125
8690,33.159615
8691,32.28309
8692,31.656115000000003
8693,31.44113
8694,31.954335
8695,33.86564
8696,39.499115
8697,45.850395
8698,47.6346
8699,48.999065
8700,42.422415
8701,40.39889
8702,45.64905
8703,46.664455000000004
8704,47.48208
8705,48.416265
8706,46.852625
8707,48.27134
8708,46.96128
8709,45.861090000000004
8710,43.468045000000004
8711,40.182045
8712,35.77865
8713,34.249265
8714,33.06801
8715,32.19381
8716,31.568695
8717,31.354175
8718,31.866140000000005
8719,33.77202
8720,39.389995
8721,45.72376
8722,47.503005
8723,48.863749999999996
8724,42.305080000000004
8725,40.287135000000006
8726,45.52288
8727,46.535495000000004
8728,47.350795
8729,48.282345
8730,46.7232
8731,48.13804
8732,46.831545
8733,45.734300000000005
8734,43.34792
8735,40.071065
8736,35.679449999999996
8737,34.154405000000004
8738,32.976405
8739,32.104685
8740,31.481275000000004
8741,31.267375
8742,31.77779
8743,33.6784
8744,39.280875
8745,45.59697
8746,47.371255000000005
8747,48.72828
8748,42.1879
8749,40.175534999999996
8750,45.39671
8751,46.406535
8752,47.219665000000006
8753,48.14858
8754,46.593775
8755,48.004585000000006
8756,46.70181
8757,45.607665
8758,43.227795
8759,39.95993
